1 0.27252811410517097 0.5319796864890411 0.28415337868739243 0.5330584223405225 0.2806768266096924 0.570520919934861 0.2690515625000671 0.5694421875000051
1 0.5584891192096393 0.5433734154197354 0.5819537042065122 0.5500866265063767 0.5661719855670526 0.6052427684489476 0.542707414290021 0.5985295910147855
1 0.6509375187273463 0.6032390622163687 0.6409335297911412 0.6033905754087794 0.6404511504587163 0.5715419264334557 0.6504550823906357 0.5713904136727745
1 0.6787956966924185 0.619915483889365 0.6636351466190717 0.6214069112940822 0.656747453629464 0.5513992303567087 0.6719078124999669 0.5499078125000029
1 0.6986192580648094 0.5540151033984484 0.7096761085228991 0.551010348318613 0.7202787068058569 0.5900218219207105 0.7092218605113203 0.593026566437353
1 0.3102360881638333 0.7188256796058614 0.2930543974533748 0.7177262504342138 0.29637113941635107 0.6659018804830922 0.31355264309888753 0.6670013036650202
1 0.5235131541179499 0.6211147022850423 0.508824524298916 0.6229069343280739 0.5037266642710847 0.5811304866171478 0.5184151817671818 0.5793382615178887
1 0.44882695602586864 0.6102131552257898 0.43120697349729653 0.6062465464441139 0.43909996672618945 0.5711892498386263 0.45671983916872705 0.575155845732168
1 0.48820087218666686 0.61923808125 0.47700276842658695 0.61923808125 0.4770028025944839 0.5830234484374999 0.4882008316970996 0.5830234484374999
1 0.5046967935910516 0.6156693854461263 0.4935580560508015 0.6137588734163596 0.49950197394412044 0.5791085200838089 0.5106406414206504 0.581019025951378
1 0.47917022809997434 0.6210430743475721 0.458610105889079 0.62124279902889 0.4581824810609305 0.5772179237525085 0.4787424367635822 0.5770181998842344
1 0.4298759096179765 0.6882962644195534 0.4289762557298218 0.668493857239199 0.44622964843131285 0.6677101203337702 0.4471293359374613 0.6875124921875534
1 0.6365748733306873 0.5826982617521971 0.626790018192878 0.5830479054777169 0.6255628240769511 0.5487072147519952 0.6353476213007525 0.5483575720625187
