1 0.34557499999999997 0.5490515619047619 0.3415296873065015 0.5490515619047619 0.3351421876160991 0.5431828130952381 0.3325874996904025 0.545921875 0.33067031269349845 0.553746875 0.3281156247678019 0.558442188095238 0.3268390625386997 0.566265625 0.3259874996904025 0.5768296869047619 0.3289671876160991 0.58621875 0.3328 0.5842625 0.3357812501547987 0.5811328130952381 0.34089062476780185 0.57839375 0.34408437523219815 0.577220311904762 0.34749062476780185 0.5748734369047619 0.3485546873065016 0.569395313095238 0.34812968730650157 0.56391875 0.34749062476780185 0.5568765630952381 0.34557499999999997 0.5490515619047619
1 0.689482812383901 0.663728125 0.6823984377708978 0.6574781249999999 0.6863656247678018 0.6678937500000001 0.6889156247678018 0.6751828130952381 0.6923156247678018 0.680390625 0.6971328123839009 0.68299375 0.6988343752321982 0.676745313095238 0.694582812383901 0.66633125 0.689482812383901 0.663728125
1 0.638757812383901 0.68455625 0.639607812383901 0.68768125 0.6424421876160992 0.694970311904762 0.6517937498452012 0.70590625 0.6563265622291021 0.70746875 0.6648281250773993 0.709551561904762 0.6778640625386998 0.708509375 0.6823984377708978 0.7038234380952381 0.6840984377708977 0.68768125 0.6823984377708978 0.6809109380952381 0.6806968749226006 0.676745313095238 0.6778640625386998 0.667371875 0.6738968749226006 0.6574781249999999 0.6721968749226006 0.647584375 0.6702124996904024 0.639773438095238 0.6665281250773993 0.637690625 0.6529265622291022 0.6486265619047619 0.646125 0.649146875 0.6432921876160992 0.6428984380952381 0.6390406247678018 0.6428984380952381 0.6356406247678018 0.6465437500000001 0.636207812383901 0.667371875 0.6364906247678018 0.676745313095238 0.638757812383901 0.68455625
1 0.32534374984520126 0.693409375 0.3185421876160991 0.6928875 0.31230937523219815 0.6892437499999999 0.3089078123839009 0.6824734380952381 0.30975781238390093 0.6710171880952381 0.31230937523219815 0.664248436904762 0.3159921876160991 0.6553953119047619 0.312025 0.649667188095238 0.306075 0.647064061904762 0.2998406247678019 0.653834375 0.2984234377708978 0.663728125 0.29700625015479876 0.6741421880952382 0.2924718749226006 0.6871609380952381 0.28935468730650155 0.698615625 0.2870874996904025 0.7111140619047619 0.2913390625386997 0.7204859380952381 0.2941718749226006 0.7262140619047619 0.3023906247678019 0.730379686904762 0.3114578123839009 0.7309015619047619 0.3165593752321981 0.7262140619047619 0.32194374984520124 0.718403125 0.32562812507739936 0.710592188095238 0.3261937498452012 0.701220311904762 0.32534374984520126 0.693409375
2 0.2879477368421053 0.7719103047619048 0.2879477368421053 0.7850758761904763 0.28071215603715166 0.8127235547619047 0.2840010606811146 0.82852225 0.2879477368421053 0.8462957999999999 0.30110335665634674 0.8495871928571428 0.3083389374613003 0.8403712833333333 0.31491674736842107 0.8225977321428571 0.32215237832817334 0.7969249345238096 0.31557456842105264 0.8008745464285714 0.3063656247678019 0.8232560511904762 0.294525546749226 0.8298388369047619 0.29255223405572756 0.8212811952380953 0.29847222291021674 0.807457355952381 0.30439226191950464 0.7890255369047618 0.3070233956656347 0.7758599666666666 0.3070233956656347 0.7620361273809524 0.3076811665634675 0.7462374321428571 0.3070233956656347 0.7442626011904762 0.30176112755417955 0.7422877714285715 0.29649890959752323 0.749528825 0.28663219504643966 0.7574282226190475 0.2871710377708978 0.7649671059523809 0.2879477368421053 0.7719103047619048
2 0.2497964693498452 0.7732268678571429 0.24782310650154799 0.7850758761904763 0.2524275535603715 0.7962666166666666 0.2524275535603715 0.8140401416666667 0.25637427925696593 0.8206229273809524 0.2642676309597523 0.808773892857143 0.26952989907120745 0.7995580083333333 0.26032095541795663 0.8048242321428571 0.25505868730650155 0.7988997154761905 0.25374314551083593 0.789683830952381 0.25834759256965945 0.7817844833333334 0.2629520891640867 0.7725685738095237 0.2649254024767802 0.7620361273809524 0.26990130092879255 0.7534539476190476 0.25571645820433436 0.7607196154761904 0.2497964693498452 0.7732268678571429
2 0.6581106191950464 0.8001818738095239 0.6633180520123839 0.8100834488095239 0.6700877306501548 0.8163371178571428 0.6768573300309597 0.8147736904761904 0.677898879876161 0.8074777630952381 0.6794610464396286 0.7986184464285715 0.6726914470588234 0.7808997750000001 0.6674840142414861 0.7746461250000001 0.670608426625387 0.787153444047619 0.670608426625387 0.797055019047619 0.6669632396284829 0.8053932452380952 0.6638387479876161 0.8007030035714285 0.6596354049535604 0.791796875 0.6581106191950464 0.8001818738095239
2 0.699249307120743 0.7855900166666667 0.7081019269349846 0.7902802595238095 0.7226827547987615 0.7902802595238095 0.7388258284829722 0.7798574964285714 0.7403880743034056 0.7689136630952381 0.7299732086687306 0.7579697511904762 0.7200790383900929 0.7501526928571428 0.720599813622291 0.7548429154761904 0.706539760990712 0.7438990428571428 0.706539760990712 0.753800636904762 0.7107056433436533 0.7678713452380952 0.7091434773993809 0.7762095523809524 0.7060189857585139 0.7814209238095239 0.702894494117647 0.7814209238095239 0.6967447795665636 0.7774739583333333 0.699249307120743 0.7855900166666667
2 0.2139165622291022 0.7809825916666667 0.20975061981424148 0.7908841857142858 0.22120697585139318 0.7950532988095238 0.23474629349845202 0.7820248702380952 0.22172771145510836 0.7867150928571429 0.2154788080495356 0.7887996488095239 0.21756176904024768 0.7773346273809524 0.22864582167182662 0.7579427083333333 0.21964475046439627 0.7700386988095238 0.2139165622291022 0.7809825916666667
2 0.7457913120743034 0.7693165071428572 0.745423705882353 0.7748344297619048 0.7568188167182662 0.77336295 0.7579215783281734 0.7656378916666666 0.7535105318885449 0.7571770511904762 0.7510030247678019 0.759283088095238 0.7513050643962849 0.7641664119047619 0.7457913120743034 0.7693165071428572
2 0.7766683027863777 0.7299552916666667 0.7751979913312694 0.7321624690476191 0.7733600736842106 0.7476126428571429 0.7685814773993809 0.7501876761904762 0.7660084043343653 0.746876930952381 0.7608278055727554 0.7436366202380953 0.7641704866873066 0.7523948535714285 0.7737276235294118 0.7538662916666667 0.7777710643962849 0.7446697535714286 0.7766683027863777 0.7299552916666667
2 0.6288838613003096 0.8302743535714286 0.6226349845201239 0.8261052666666666 0.6254122396284829 0.8413919357142857 0.6225317281733747 0.8662980059523809 0.6291430619195046 0.8756818345238094 0.6511097523219814 0.8795206738095238 0.6743560551083592 0.8705633833333333 0.6724366352941176 0.8562743714285714 0.6447116866873065 0.8616060916666666 0.6511022204334366 0.8420868273809524 0.6497135925696594 0.8295795142857143 0.6462419708978329 0.8219361797619047 0.6416666507739939 0.8092013892857143 0.6406873547987616 0.824715588095238 0.6288838613003096 0.8302743535714286
1 0.6172677616099072 0.6732445416666666 0.6168869671826626 0.674386925 0.6168869671826626 0.6770524857142858 0.6176485560371517 0.6804796357142857 0.6199333226006192 0.6842875797619047 0.623741266873065 0.6820028130952381 0.6302147721362229 0.670198186904762 0.6256452390092879 0.6633438869047619 0.6222180891640867 0.6637246809523809 0.6176485560371517 0.667532625 0.6172677616099072 0.6732445416666666
2 0.340085679256966 0.84969735 0.33672617027863777 0.8525400119047619 0.3354340513931889 0.8553826726190475 0.3354340513931889 0.8597758773809523 0.33775986501547983 0.8628769619047619 0.3439620359133127 0.8652027761904763 0.3480968160990712 0.8641690809523809 0.35274844396284827 0.8618432678571428 0.3522315962848297 0.859000605952381 0.35068105386996906 0.8574500630952381 0.34835523962848297 0.8538321309523809 0.3478383919504644 0.8502141976190476 0.3478383919504644 0.8476299607142858 0.34499573065015476 0.8468546892857143 0.34241149287925693 0.8481468071428571 0.340085679256966 0.84969735
