1 0.5618296873065016 0.6940046880952381 0.5629906247678019 0.6940046880952381 0.5629906247678019 0.68938125 0.5627984377708979 0.6819125 0.5624109374613003 0.6769328130952381 0.5597015622291022 0.67835625 0.5571843752321981 0.677645311904762 0.55525 0.6808453119047619 0.5566046873065016 0.68618125 0.5589265622291021 0.6908046880952381 0.5618296873065016 0.6940046880952381
1 0.4028421876160991 0.669110938095238 0.4028421876160991 0.6639046880952381 0.40206874984520125 0.660590625 0.39949374984520125 0.65775 0.39897812507739944 0.6648515619047619 0.3982046873065015 0.671004686904762 0.39872031269349845 0.6809453130952381 0.40026562476780186 0.677632813095238 0.4018109374613003 0.67431875 0.4028421876160991 0.669110938095238
1 0.37802812507739936 0.6521484380952381 0.37014062476780185 0.6609703130952381 0.3632828123839009 0.6622296880952381 0.3629406247678018 0.672310938095238 0.36362656222910217 0.6817625 0.3673984377708978 0.6874328119047619 0.3718562501547988 0.689953125 0.3763125003095975 0.68869375 0.38111406253869967 0.6849125 0.38557031269349845 0.6754625000000001 0.3869421876160991 0.662860938095238 0.3896859374613003 0.6521484380952381 0.3842 0.652779688095238 0.37802812507739936 0.6521484380952381
2 0.3277429653250774 0.7632951523809524 0.3322064786377709 0.7851829535714285 0.3424725746130031 0.7780359023809524 0.3616656637770898 0.7445342273809524 0.3585412173374613 0.7315802392857144 0.3496141900928793 0.7297934761904762 0.3478287777089783 0.7490011166666667 0.3389017498452012 0.7682087416666666 0.33176013436532503 0.7695488392857143 0.33176013436532503 0.7525746261904762 0.33309916780185755 0.7338136845238096 0.32997472198142414 0.7230931416666666 0.3277429653250774 0.7632951523809524
1 0.4878993040247678 0.6045779666666666 0.5030752575851393 0.6099382380952381 0.5200365900928793 0.6045779666666666 0.5213756575851394 0.5965375678571428 0.5106632179566564 0.587603788095238 0.5079851164086687 0.575543180952381 0.5066460482972136 0.5746498 0.5021825343653251 0.5719696726190476 0.4954872637770898 0.565716019047619 0.4911830253869969 0.5603794642857143 0.4878993040247678 0.5800100714285714 0.4878993040247678 0.6045779666666666
1 0.5316417535603716 0.608598175 0.5352125436532508 0.6103849202380953 0.5494958086687307 0.6054713476190476 0.5499421535603715 0.5951975047619048 0.5405687808049536 0.5817968345238095 0.5316417535603716 0.5826902154761905 0.5316417535603716 0.595644186904762 0.5316417535603716 0.608598175
2 0.29150469349845204 0.8062476428571429 0.29641455232198144 0.8250085845238095 0.3106978 0.8401960178571428 0.32542739256965947 0.8486830988095239 0.33703252136222905 0.8348357797619048 0.33881793374613006 0.8174148678571428 0.3356934879256966 0.7995473083333333 0.32712052569659444 0.7897321428571429 0.30087806625387 0.7973138630952381 0.29150469349845204 0.8062476428571429
2 0.5740451349845201 0.4668558011904762 0.5838648520123839 0.4583687023809524 0.5905601226006192 0.45122168571428567 0.5959163256965944 0.44273458809523814 0.5954699808049536 0.4226335821428571 0.5918991907120743 0.40342595833333333 0.5860966086687306 0.3757312369047619 0.5829721628482972 0.3551835404761905 0.5718133783281734 0.3257020726190476 0.5691352427244581 0.3288288904761905 0.5673498643962849 0.34669645119047615 0.5628863504643963 0.3708176559523809 0.5530665993808049 0.3873451607142857 0.5410151256965944 0.3775179904761905 0.5280709287925697 0.3739444988095238 0.5231610699690402 0.39091866904761907 0.5231610699690402 0.4145931833333333 0.5262855164086687 0.4413945238095238 0.5289636179566564 0.46774918214285716 0.532980786996904 0.4882969035714286 0.536105266873065 0.4713226904761905 0.5588691808049535 0.4632822916666667 0.563727668111455 0.46774553571428573 0.5740451349845201 0.4668558011904762
2 0.369616186377709 0.44362796904761903 0.37274063219814246 0.43112067976190477 0.377204146130031 0.4226335821428571 0.37854321424148607 0.43782101547619046 0.38122131578947366 0.4860634583333333 0.389255653869969 0.5016975738095238 0.420053906501548 0.498124030952381 0.4227320080495356 0.47891640714285716 0.41916118328173374 0.44318128690476194 0.4222856637770898 0.400745830952381 0.4325517250773994 0.37349779166666663 0.39684361424148606 0.35384349404761906 0.38077497089783285 0.376177944047619 0.3780968693498452 0.3918120511904762 0.3838994173374613 0.39761900476190476 0.37541876780185757 0.400745830952381 0.370955253869969 0.4257604083333333 0.3638136049535604 0.44362796904761903 0.3606891585139319 0.45032830357142856 0.36450891826625387 0.4627232142857143 0.369616186377709 0.44362796904761903
2 0.30668063034055726 0.3980656869047619 0.2990926705882353 0.38600507976190473 0.2839167170278638 0.39136535119047616 0.28704117956656344 0.41012629285714286 0.2888265752321982 0.43246074404761903 0.3031249894736842 0.4275669642857143 0.3062342860681115 0.41637994642857146 0.30668063034055726 0.3980656869047619
2 0.6592982427244582 0.4592620845238095 0.6695643386996905 0.45658195714285715 0.6762596092879257 0.4355875702380952 0.676705920123839 0.41012629285714286 0.6673325814241486 0.377964680952381 0.6508175938080496 0.37260441904761904 0.6423368767801858 0.389578605952381 0.6378733628482972 0.40833953095238096 0.6351952953560371 0.43782101547619046 0.641444187616099 0.45658195714285715 0.6479910613003096 0.46049107142857143 0.6592982427244582 0.4592620845238095
2 0.689203772136223 0.4726627547619048 0.6896501510835914 0.4628355928571429 0.6896501510835914 0.4369276333333333 0.6927745969040248 0.4204001369047619 0.6909892185758514 0.39404549642857145 0.6874183938080496 0.4230802809523809 0.6874183938080496 0.44362796904761903 0.6851866371517028 0.46417565714285713 0.689203772136223 0.4726627547619048
1 0.49102374984520125 0.653338044047619 0.5003971560371516 0.6537847428571428 0.5003971560371516 0.6430642000000001 0.49504091888544893 0.631896975 0.478079586996904 0.6345771190476189 0.47852593126934984 0.6417241369047619 0.478906239628483 0.6580357142857143 0.49102374984520125 0.653338044047619
1 0.5044142916408669 0.6569115702380952 0.516465799380805 0.6470844083333332 0.5262855164086687 0.6461910261904762 0.5276245839009288 0.631896975 0.5178048328173375 0.631003594047619 0.5040178470588236 0.6340401785714286 0.5021825343653251 0.6488711535714287 0.5044142916408669 0.6569115702380952
