1 0.40331409668112883 0.5366125 0.3909312309017423 0.5366125 0.39093127430828645 0.4947609375 0.4033140587029038 0.4947609375
1 0.4543073178168697 0.6129987159832689 0.5060958308408772 0.6143606679270062 0.5041895775427747 0.686837289649649 0.4524010649297452 0.6854753474689042
1 0.5071383204673339 0.6308688415864402 0.5135977422839915 0.6315058195461668 0.5102416934249732 0.6655342984782169 0.5037822719240239 0.6648973226706194
1 0.8946307480134692 0.5175323948334559 0.9215936213716986 0.5196769555815509 0.9168455213761035 0.5793679441636005 0.8898826492776379 0.5772233941523257
1 0.9029288600731888 0.4917307168325046 0.8728732343217871 0.4873402638894297 0.8825912239020681 0.4208194295609731 0.9126465741301217 0.42520986209523615
1 0.8545460744677484 0.4569115608929632 0.8654162935994236 0.4546550087078512 0.8732500087392054 0.4923888930986625 0.8623797915122395 0.49464543899563473
2 0.8280758732867071 0.7128537826027043 0.814225522820152 0.7399091060899567 0.7925023032685203 0.72879012404032 0.8063526640625014 0.7017348734375408
2 0.7790900893256776 0.6983778314155903 0.7948110010308937 0.6907929472385923 0.8110160910206332 0.7243755424550538 0.7952951991256896 0.7319603958913858
2 0.9017560435647738 0.7613791065230123 0.86551937698232 0.7835754007699455 0.8316140496133357 0.7282320830145409 0.8678503087252238 0.7060359513519229
2 0.8606818826017388 0.6979411637738506 0.9000510191202693 0.6764800269306501 0.9335700927981634 0.7379593828099075 0.8942010721995075 0.7594203550822696
2 0.4871868506023702 0.7847191660856542 0.4962604690410899 0.8083962625198853 0.46794034194692813 0.8192469759157129 0.45886682712580296 0.7955699673514679
2 0.3925785969933031 0.7709048287870112 0.4149065984398703 0.7698905624895505 0.41608368056517975 0.7957979945639976 0.3937556793458725 0.7968122577273548
2 0.9352148662579793 0.6525651977996625 0.942593365519997 0.6709654619422188 0.9136162364890197 0.6825836321685862 0.9062378062499192 0.6641834265624779
2 0.4666627709326576 0.7946888011761717 0.457316623885049 0.8315009567898751 0.4102998133615756 0.8195661869851455 0.41964610327875107 0.7827542533279837
2 0.8764250228230139 0.3504748491425245 0.8679630743532698 0.33755693058657105 0.8949399550359658 0.3198861935226095 0.9034018997213025 0.3328040907971574
2 0.3245964099877483 0.724353379416698 0.3462297630703688 0.7200293756613904 0.3524332741503713 0.7510609943646088 0.3307999255919185 0.7553849827555402
1 0.3460499077565373 0.5585308448393452 0.3768305975305566 0.5561185869819889 0.3838120130825473 0.6451928227419228 0.35303132565798023 0.6476050608708369
