1 0.5541041293651006 0.5681567735090768 0.5608369611059061 0.567610771512788 0.5628864291293212 0.5928805073626863 0.5561535975381275 0.5934265081368735
1 0.5495046875 0.56540625 0.5533953125 0.56540625 0.5533953125 0.59084375 0.5495046875 0.59084375
1 0.5335921875 0.5646796875 0.53854375 0.5646796875 0.53854375 0.5886625000000001 0.5335921875 0.5886625000000001
1 0.5322102914367406 0.5923294505836211 0.5241001874480844 0.5930693329616437 0.5216642122318262 0.5663702900057057 0.5297742781250463 0.5656304093749948
0 0.7781485675025124 0.6413152324005147 0.7051467570117893 0.6575360133844441 0.6815490131349407 0.551342957933354 0.7545493988815224 0.5351223435163553
0 0.6770992167084842 0.4010257646259789 0.7153091334312194 0.3936068663550469 0.7402406355962512 0.5220049577663167 0.7020307391031793 0.5294237870498245
1 0.46754807656247976 0.5643028843750039 0.48034380530452836 0.5603661337861972 0.48838692832634933 0.5865063196613539 0.47559120372909547 0.5904430608106873
1 0.4886255091983003 0.5700084135653753 0.5085037791134255 0.574740846920976 0.5021007815411167 0.6016334203924707 0.4822225156854074 0.5969009986988454
1 0.5198317481351751 0.6051682687499998 0.5090144074043792 0.6051682687499998 0.5090144484482835 0.56670673125 0.519831714364841 0.56670673125
0 0.28891338185690074 0.6806109858323697 0.2388214636378052 0.6749379403872249 0.2549135881138227 0.5328715158543792 0.30500420215162194 0.5385444869568233
