1 0.5541372594427245 0.5685652642857143 0.5551981969040247 0.5816465142857143 0.5580263219814241 0.5932746392857143 0.5608544470588236 0.5830996392857143 0.561209134365325 0.5721996392857143 0.5580263219814241 0.5678387023809524 0.5541372594427245 0.5685652642857143
1 0.5495046873065015 0.5828484380952381 0.5533953126934984 0.59084375 0.5533953126934984 0.5777609369047619 0.5526875003095976 0.56540625 0.5495046873065015 0.5748546869047618 0.5495046873065015 0.5828484380952381
1 0.5378359374613003 0.583575 0.5385437498452013 0.5777609369047619 0.5378359374613003 0.5712203130952381 0.5343 0.564679688095238 0.5335921876160991 0.5748546869047618 0.5335921876160991 0.5828484380952381 0.5353609374613003 0.5886625 0.5378359374613003 0.583575
1 0.5308352160990711 0.5772585333333333 0.5297742786377709 0.5656304083333333 0.52659146625387 0.5670835333333333 0.5219945913312694 0.5699913464285714 0.5244695913312694 0.5830725964285715 0.5262383411764706 0.5888866583333333 0.5301274037151703 0.5925194714285714 0.5304820916408669 0.5852522833333333 0.5308352160990711 0.5772585333333333
0 0.7773437498452012 0.6376953119047618 0.7675781250773994 0.59375 0.7324218749226006 0.5400390619047619 0.7138671876160991 0.544921875 0.7119140625386997 0.57421875 0.7021484377708977 0.60546875 0.6992187498452012 0.630859375 0.7109374996904025 0.6435546880952382 0.7373046873065014 0.650390625 0.755859375232198 0.6455078119047618 0.7773437498452012 0.6376953119047618
0 0.7148437498452012 0.4443359380952381 0.6904296873065014 0.3984375 0.677734375232198 0.404296875 0.6894531250773994 0.4609375 0.697265624767802 0.5048828119047619 0.703125 0.52734375 0.7177734377708977 0.5263671880952381 0.7275390625386997 0.498046875 0.7304687498452012 0.4716796880952381 0.7148437498452012 0.4443359380952381
1 0.4723557690402477 0.5799278845238095 0.47656250030959757 0.590144230952381 0.4831730767801858 0.5847355773809524 0.48377403839009286 0.5715144226190476 0.4807692309597523 0.5631009619047619 0.4675480767801858 0.5643028845238095 0.4723557690402477 0.5799278845238095
1 0.4927884613003096 0.597355769047619 0.49939903839009286 0.6003605773809524 0.5018028848297214 0.6015625 0.505408653869969 0.5877403845238095 0.504807692260062 0.5805288464285714 0.5 0.5727163464285714 0.494591346130031 0.5715144226190476 0.4879807690402477 0.5727163464285714 0.48497596160990714 0.5853365380952381 0.4927884613003096 0.597355769047619
1 0.5090144229102167 0.590144230952381 0.510216346130031 0.5955528845238095 0.5150240383900929 0.6027644226190476 0.5186298074303406 0.605168269047619 0.5198317306501548 0.5949519226190476 0.5198317306501548 0.5859375 0.5162259616099071 0.566706730952381 0.510817307739938 0.5811298071428571 0.5090144229102167 0.590144230952381
0 0.25797300990712074 0.6750632380952382 0.28447059256965945 0.6801078285714286 0.29582659380804954 0.6195726916666666 0.3033973318885449 0.5527317785714285 0.27437620495356035 0.5350757380952381 0.2516640439628483 0.5615598238095239 0.25915400185758514 0.618844694047619 0.25797300990712074 0.6750632380952382
