1 0.26572741672055145 0.5048134451248306 0.23543708385045647 0.5024237853709259 0.24261811036683412 0.41140849307938104 0.27290805736402035 0.4137981374966807
1 0.7373634284152786 0.4142026244184867 0.7677693264342906 0.4056511257631628 0.7882510073987987 0.4784720056561689 0.7578451272609072 0.48702346009802855
1 0.7548069018108663 0.6649379525697507 0.7296443752418327 0.6659833750601971 0.7265843730054939 0.5923360237004346 0.7517465421559564 0.5912906086814639
1 0.7341331647387506 0.673220860095227 0.7164270584795531 0.6765780164798197 0.7060896858620254 0.6220638864530821 0.7237956034606441 0.618706748436496
1 0.695918084196137 0.6962124777161293 0.6807629627976439 0.6984861410847413 0.6752822413827744 0.6619591529603571 0.6904372490105288 0.6596854982657198
2 0.528882526291568 0.9019968039378752 0.4867874779598651 0.9060888465011937 0.4776320383530219 0.8119219502463001 0.5197260571998186 0.8078299579762456
1 0.3884726515565262 0.7066674420975311 0.36932549946800464 0.7049277691439941 0.37349741933428504 0.6590183651038964 0.39264438969235016 0.6607580297732771
2 0.743391161769523 0.7701432019342639 0.7626512100258651 0.7864674756839203 0.7497036263757764 0.8017406530225695 0.7304436143460862 0.7854164183952806
2 0.7936926230910331 0.7122694603640563 0.8127978038212404 0.7259288293870478 0.797932969258909 0.7467166804964138 0.7788278212684645 0.7330573502813359
2 0.34522533628967267 0.8462053321063533 0.3814170228314424 0.8655423953233631 0.3603667107694264 0.9049314035983301 0.32417510375057645 0.8855944552929219
2 0.31918146032353434 0.3664180588887984 0.2851604146455884 0.3729996556208386 0.2765191035176713 0.32833285931578926 0.31053999189100523 0.32175127808974896
2 0.20518808691826962 0.6953131432338534 0.18278897847699227 0.7069976615075775 0.1642203421248496 0.671406729871418 0.18661929550171408 0.6597222608910606
