1 0.3293468749226006 0.515 0.3251312501547987 0.5158609380952381 0.3244281250773994 0.5218859369047619 0.3241937498452012 0.5248984380952381 0.3246625003095975 0.5279109369047619 0.32723906253869967 0.5300625 0.3298140625386997 0.52661875 0.3298140625386997 0.5214546869047619 0.3293468749226006 0.515
1 0.37688749969040247 0.5335046869047619 0.3743125003095975 0.5412515630952381 0.3717359374613003 0.5472765619047619 0.373375 0.55674375 0.3801671876160991 0.5563140619047618 0.38110312507739935 0.546415625 0.38250781238390097 0.5365171869047619 0.38180625015479874 0.5292015630952381 0.3794640625386997 0.5292015630952381 0.37688749969040247 0.5335046869047619
1 0.42232187492260065 0.558034375 0.42302500000000004 0.55071875 0.4216187498452012 0.543403125 0.4178718749226006 0.5365171869047619 0.41576406253869974 0.545984375 0.41482812507739936 0.5545921880952381 0.4145937498452012 0.564490625 0.41576406253869974 0.570515625 0.4188093752321982 0.5666421880952381 0.42232187492260065 0.558034375
1 0.44012031269349844 0.542971875 0.4375437498452012 0.55071875 0.4361390625386997 0.558034375 0.4373109374613003 0.5636296869047619 0.44012031269349844 0.5679328119047619 0.44129218761609906 0.57180625 0.4417593752321981 0.5636296869047619 0.4417593752321981 0.552440625 0.44012031269349844 0.542971875
1 0.44784843777089783 0.5662109380952381 0.4499562501547988 0.5623390619047619 0.45089374984520125 0.55373125 0.44714687492260063 0.545125 0.4452734377708978 0.55071875 0.44457031269349845 0.5545921880952381 0.44386718761609906 0.55975625 0.4441015622291022 0.570084375 0.4448046873065015 0.57180625 0.44784843777089783 0.5662109380952381
1 0.6580046873065016 0.5138281250000001 0.6526203126934984 0.5117453119047619 0.6517703126934984 0.5216390619047618 0.6506359374613003 0.53309375 0.6517703126934984 0.538301561904762 0.6554531250773994 0.535178125 0.6599875003095975 0.52945 0.6597046873065016 0.5226796869047619 0.6580046873065016 0.5138281250000001
1 0.30633437523219814 0.6486953130952381 0.30973437523219816 0.6429671880952381 0.3069015622291022 0.635678125 0.30321718761609906 0.6330734369047619 0.3023671876160991 0.6408843750000001 0.30321718761609906 0.6513 0.30633437523219814 0.6486953130952381
1 0.38727265634674923 0.6541417642857142 0.3859571145510836 0.6613828428571429 0.38727265634674923 0.6705987273809523 0.3892460191950465 0.6771815130952381 0.3958238291021672 0.6745484142857143 0.3958238291021672 0.6659907726190476 0.3940789325077399 0.6580592107142856 0.38727265634674923 0.6541417642857142
2 0.599735986377709 0.7924848678571428 0.5918425845201238 0.7859020821428571 0.5938158978328173 0.7957762607142856 0.599735986377709 0.8030173142857142 0.6056559752321982 0.8023590464285714 0.608944880495356 0.7977511416666666 0.6109182433436533 0.787876963095238 0.6070723535603715 0.7830592107142856 0.6043404334365325 0.7911683559523809 0.599735986377709 0.7924848678571428
2 0.6313093938080495 0.806966975 0.6385450247678018 0.8056504380952381 0.6411761089783282 0.7970928226190476 0.6405183882352941 0.7957762607142856 0.635256120123839 0.8010425083333333 0.6276315640866873 0.7945723690476191 0.6293361312693498 0.8049921702380953 0.6313093938080495 0.806966975
2 0.6510428235294118 0.788535180952381 0.661567359752322 0.7911683559523809 0.6655140854489163 0.7832689583333333 0.6655140854489163 0.7654954321428572 0.6602518179566563 0.751671644047619 0.6595939962848297 0.7641788952380952 0.6595939962848297 0.7766861726190476 0.6589362755417956 0.7839272523809523 0.6517006445820434 0.7826106892857142 0.6432565640866873 0.7756578952380953 0.6510428235294118 0.788535180952381
2 0.6852475151702787 0.7812941773809524 0.6937985882352941 0.7819523964285714 0.6997186773993808 0.7733947797619047 0.6990608557275542 0.7674702880952381 0.6977453139318885 0.768786825 0.6924830458204334 0.7753696107142857 0.6891941411764706 0.7753696107142857 0.6819078798761611 0.7699013166666666 0.6852475151702787 0.7812941773809524
2 0.36885481857585134 0.8023590464285714 0.3701703609907121 0.8128914928571428 0.38003707554179567 0.8214491333333334 0.38727265634674923 0.8234239392857143 0.396481600619195 0.8188160095238095 0.39516605820433437 0.8049921702380953 0.3892460191950465 0.8063087071428571 0.3839837517027864 0.8076252940476191 0.38003707554179567 0.8076252940476191 0.37872153374613 0.8056504380952381 0.37872153374613 0.8036755833333333 0.37806376284829724 0.7951179666666667 0.37806376284829724 0.7905100369047618 0.3784539325077399 0.7838815797619048 0.3695125894736842 0.7924848678571428 0.36885481857585134 0.8023590464285714
