1 0.37667525066024155 0.5586458126300167 0.3673064114951785 0.5575382153913441 0.3706341448029207 0.5293926809099039 0.38000294056075745 0.5305002755609727
1 0.4216312750659199 0.5654454996597059 0.4138782762693154 0.5647004063808267 0.4171353658502994 0.5308124185243795 0.4248883208091456 0.5315575096800174
1 0.6526203091183334 0.5117453121856904 0.6615559810560399 0.5125758286245087 0.6591013961216277 0.5389829407631722 0.6501657244267562 0.5381524260878733
1 0.3028556642611875 0.6320779342376782 0.3100052681844545 0.6314945417665357 0.31148286231189104 0.6496005367585256 0.304333258516408 0.6501839281950574
2 0.6423635035532698 0.8083303078124998 0.6271263246337639 0.8083303078124998 0.6271263885281542 0.77676675625 0.642363450902053 0.77676675625
2 0.6052166917127124 0.7741592401312719 0.6188474419622025 0.7890585142035089 0.5988539524361158 0.8073462236683109 0.5852232525852514 0.7924469982684863
2 0.6335556673690235 0.7621589637276748 0.6579529643388469 0.7480791187357789 0.6766662929363747 0.780499463948871 0.6522690413324881 0.7945792469872164
2 0.6768935284200097 0.7736940449234749 0.6883887032556686 0.7536636315858627 0.7056391861533484 0.763561688617959 0.6941440653191648 0.7835920551970615
2 0.39414285627947265 0.8231788046253894 0.3650243964867741 0.8193554330962747 0.3699394219087253 0.78193144750895 0.39905761740396883 0.785754801503302
2 0.3378711084213819 0.7751225907065213 0.35851167944804274 0.777836753275797 0.3533707477355392 0.8169248580254856 0.33273017921226256 0.8142107084334239
2 0.3071927399497554 0.765021300870305 0.32566971007383927 0.7682049975061139 0.3193170204804119 0.8050667410865306 0.30084005391711344 0.8018830586839525
2 0.2752237359375 0.7399821890625 0.2961680921875 0.7399821890625 0.2961680921875 0.7745681015625 0.2752237359375 0.7745681015625
2 0.26579561225923953 0.7515926984284262 0.2759164780346737 0.7738789203313351 0.2432580590990483 0.7887073010308652 0.23313730343818406 0.7664211726347935
2 0.251349039591787 0.3478260192661385 0.27300008906570383 0.3497712597973332 0.2698718636062267 0.3845878598522831 0.2482208146402627 0.3826426231051237
1 0.3875964718749856 0.6498637875000007 0.3952992134074975 0.6496823268715759 0.39598233015101414 0.6786757883885964 0.3882795886373742 0.6788572484843232
