1 0.3244281250773994 0.5218859369047619 0.3241937498452012 0.5248984380952381 0.3246625003095975 0.5279109369047619 0.32723906253869967 0.5300625 0.3298140625386997 0.52661875 0.3298140625386997 0.5214546869047619 0.3293468749226006 0.515 0.3251312501547987 0.5158609380952381 0.3244281250773994 0.5218859369047619
1 0.376818973374613 0.5574301345238095 0.3777549108359133 0.5475316964285715 0.3791595981424149 0.5376332595238096 0.37845803591331273 0.5303176345238095 0.3761158482972136 0.5303176345238095 0.3735392854489164 0.5346207595238095 0.3683877232198143 0.5483926345238095 0.37002678575851394 0.5578598214285715 0.376818973374613 0.5574301345238095
1 0.41842991083591335 0.530936830952381 0.4163220984520124 0.5404040178571429 0.41538616099071207 0.5490118309523809 0.41515178575851397 0.5589102678571428 0.4163220984520124 0.5649352678571429 0.41936741052631576 0.5610618309523809 0.4228799108359133 0.5524540178571429 0.4235830359133127 0.5451383928571428 0.4221767857585139 0.5378227678571429 0.41842991083591335 0.530936830952381
1 0.6517703126934984 0.5216390619047618 0.6506359374613003 0.53309375 0.6517703126934984 0.538301561904762 0.6554531250773994 0.535178125 0.6599875003095975 0.52945 0.6597046873065016 0.5226796869047619 0.6580046873065016 0.5138281250000001 0.6526203126934984 0.5117453119047619 0.6517703126934984 0.5216390619047618
2 0.6040249999999999 0.7840453119047619 0.600907812383901 0.7923765619047619 0.5915578123839009 0.789773438095238 0.5875906247678019 0.7804 0.5858890625386997 0.79185625 0.5890062501547988 0.802270311904762 0.5918406247678019 0.8085187500000001 0.601475 0.8126843749999999 0.6085593752321982 0.8053953119047619 0.6113937498452012 0.796542188095238 0.6102593752321982 0.782482811904762 0.6085593752321982 0.775714061904762 0.606292187616099 0.772589061904762 0.6040249999999999 0.7840453119047619
1 0.3074504464396285 0.6475792416666666 0.31085044643962845 0.6418511166666667 0.3080176340557276 0.6345620535714285 0.3043332588235294 0.6319573654761905 0.30348325882352944 0.6397683035714287 0.3043332588235294 0.6501839285714286 0.3074504464396285 0.6475792416666666
2 0.3853026786377709 0.7845546880952381 0.3786917411764706 0.782151563095238 0.36907611578947364 0.7893625 0.37087924086687307 0.8061906249999999 0.3853026786377709 0.8128 0.39792299133126935 0.802584375 0.3961198662538699 0.7905656249999999 0.3853026786377709 0.7845546880952381
2 0.6249688613003096 0.8018973214285714 0.6272010043343653 0.8046875 0.6299911832817338 0.8069196428571429 0.6327813616099072 0.8080357142857143 0.6389197541795666 0.8063616071428571 0.643384040247678 0.8013392857142857 0.6456161832817338 0.7963169642857143 0.6461742185758514 0.7918526785714286 0.6428260043343654 0.7896205357142857 0.6400358260061919 0.7885044642857143 0.6333393975232198 0.7912946428571429 0.6299911832817338 0.7924107142857143 0.6255268972136223 0.7979910714285714 0.6249688613003096 0.8018973214285714
2 0.6461742185758514 0.7829241071428571 0.6484063616099071 0.7873883928571429 0.6517545758513932 0.7918526785714286 0.6567768972136222 0.7924107142857143 0.6645893975232199 0.7873883928571429 0.6673795758513932 0.7790178571428571 0.6712858260061919 0.7734375 0.6673795758513932 0.7622767857142857 0.6612411832817338 0.7533482142857143 0.6389197541795666 0.7628348214285714 0.6428260043343654 0.7779017857142857 0.6461742185758514 0.7829241071428571
2 0.6818885046439629 0.7767857142857143 0.6835626117647059 0.7801339285714286 0.6852367188854489 0.7806919642857143 0.691933147368421 0.78125 0.6963974328173375 0.78125 0.7003036829721362 0.7795758928571429 0.7030938613003096 0.7745535714285714 0.704209933126935 0.7684151785714286 0.7019777900928792 0.7639508928571429 0.7003036829721362 0.7628348214285714 0.6852367188854489 0.7633928571428571 0.6818885046439629 0.7645089285714286 0.6813304687306502 0.765625 0.6802143975232199 0.76953125 0.6818885046439629 0.7767857142857143
