1 0.3083671875 0.5658515625 0.3175296875 0.5658515625 0.3175296875 0.6046859375 0.3083671875 0.6046859375
0 0.25622572485463024 0.4142650081919265 0.21349980631146082 0.40714433607450057 0.2319202942381935 0.2966230271227075 0.27464569865037447 0.3037436551203095
0 0.23235482531379148 0.5093748387104496 0.282072010400384 0.543721445754263 0.21396215461822976 0.6423012114213112 0.16424526344405876 0.607954964012912
0 0.8099387471803539 0.6037747559472492 0.7592856742347749 0.6204937356812069 0.7199764341994523 0.5014096749773179 0.77062851269352 0.48469087379550796
0 0.7715884806669919 0.3829427218188748 0.7274385365582248 0.38716969300556214 0.7156566101681392 0.2641114877827198 0.7598060201182761 0.25988454235014874
2 0.7045445939813817 0.7380035541215155 0.6820267729234502 0.7413131514316756 0.674176946740431 0.6879120216134315 0.6966945079905145 0.6846024437084005
2 0.689433102234716 0.7461734090831479 0.6649085013048079 0.757816091607756 0.638023707435309 0.7011938570366317 0.6625480160221286 0.6895512566896812
2 0.3096433878813514 0.7294977218621621 0.31606009242523214 0.7542110521062724 0.28972329850194 0.7610480414230515 0.283306682748389 0.7363347876202166
2 0.26132509937997384 0.702505146174316 0.2665625539299299 0.7213947114060963 0.2355184736912861 0.7300007758842347 0.2302810965863955 0.7111112770089143
2 0.2731413317389979 0.757014721306023 0.249293875081662 0.7506136021254385 0.26093193531585257 0.7072636072863017 0.2847791635025487 0.7136646939382176
