0 0.23458942592776566 0.5139526607530472 0.2806535033894306 0.5628911416379008 0.20017885211632347 0.6386309356684239 0.15411526115428842 0.5896929300112331
0 0.2584959689036168 0.4171734792350322 0.2139138878533231 0.41558132787268237 0.21814943402966946 0.2969964353921136 0.26273092990072655 0.2985885761703424
0 0.8108319322402622 0.6084113864755365 0.7629931716306828 0.6246954523308389 0.7208217880464645 0.5008166643620144 0.7686595793936704 0.48453277801084305
0 0.7182828079921819 0.24767830380496492 0.7624979468409947 0.24471275517805124 0.7720282949663897 0.3868025193840568 0.7278131583900631 0.38976804762743195
2 0.2805211166355548 0.7085333799142107 0.3117997258664218 0.7073462420234297 0.3139287915699924 0.763433597675775 0.2826501828042183 0.7646207280871646
2 0.2812533364721048 0.7105999299716373 0.29634597097356163 0.726007164538363 0.2653843103211102 0.7563315392050914 0.2502917508837754 0.7409243792900341
2 0.25985708030736987 0.7053067410160085 0.25752625686538977 0.7324857585455422 0.22852006459754648 0.7299985364157893 0.23085096609327138 0.7028196050810231
2 0.639986887441296 0.7094020227081274 0.6661739739864743 0.6960593581261929 0.6945725600090782 0.7517872222324613 0.668385535347511 0.7651297939144259
2 0.6962521067216585 0.6849122132070836 0.7053243597050596 0.7364849516493372 0.6838099477029118 0.7402689035405337 0.6747378328238938 0.688696287129414
1 0.31112656224615876 0.5828088796026445 0.3127596111803541 0.5828851716622769 0.3112590629858687 0.6150012815342655 0.30962601406724843 0.6149249896985086
