1 0.3499968749226006 0.519615625 0.34522031269349845 0.528609375 0.34146874984520126 0.5369109369047619 0.34419687492260065 0.547978125 0.34726718761609904 0.565271875 0.34795000000000004 0.583257813095238 0.34146874984520126 0.586025 0.3407859374613003 0.59294375 0.3503374996904025 0.5943265630952381 0.3575 0.59294375 0.36295781238390096 0.5887921880952381 0.3670515622291022 0.574265625 0.3673921876160991 0.559046875 0.3673921876160991 0.5472859369047619 0.36295781238390096 0.5320671880952381 0.35852343777089785 0.519615625 0.3499968749226006 0.519615625
1 0.3684156247678018 0.5894843750000001 0.37216874984520126 0.5950187499999999 0.37592031269349846 0.5922515619047619 0.3789906247678018 0.5846421869047619 0.3817187498452012 0.578415625 0.3841078123839009 0.56873125 0.38240156222910215 0.5604296880952381 0.3800140625386997 0.550745311904762 0.37557968730650154 0.5514375 0.3714859374613003 0.5514375 0.36909843777089785 0.5597390630952381 0.36875781238390093 0.5735734369047619 0.3684156247678018 0.5894843750000001
1 0.6317546873065015 0.6282234380952381 0.6286843752321982 0.633065625 0.6283437498452012 0.6455171880952381 0.6338015622291021 0.649667188095238 0.6338015622291021 0.6413671880952381 0.6341421876160991 0.632373438095238 0.6317546873065015 0.6282234380952381
1 0.6051468749226006 0.663503125 0.6054890625386997 0.6531265619047619 0.603442187616099 0.636525 0.598325 0.632373438095238 0.5942312501547987 0.649667188095238 0.5966203126934985 0.665578125 0.6027593752321981 0.672495311904762 0.6051468749226006 0.663503125
1 0.6447171876160991 0.652434375 0.6460812501547988 0.646209375 0.6447171876160991 0.637907811904762 0.6416468749226005 0.633757811904762 0.6358468749226006 0.6413671880952381 0.6382359374613003 0.6545109380952381 0.6447171876160991 0.652434375
1 0.5836578123839009 0.6468999999999999 0.5771765622291022 0.650359375 0.577517187616099 0.663503125 0.5799046873065016 0.669729686904762 0.5833156247678019 0.6731874999999999 0.5853624996904025 0.6711125 0.5874093752321982 0.663503125 0.5867281250773994 0.655201561904762 0.5836578123839009 0.6468999999999999
1 0.39024687492260063 0.6531265619047619 0.38922343777089785 0.668345311904762 0.3922937498452012 0.6745718749999999 0.3963875003095975 0.6718046880952381 0.398775 0.6662703130952381 0.3984343752321981 0.6558937499999999 0.3950234377708978 0.6489765630952381 0.39024687492260063 0.6531265619047619
1 0.2551671876160991 0.6178468749999999 0.25891874984520125 0.6143875 0.25755468730650155 0.6053953119047619 0.25550781238390097 0.59709375 0.25107343777089786 0.608853125 0.25039218761609905 0.620614061904762 0.2551671876160991 0.6178468749999999
1 0.30633437523219814 0.637215625 0.3073578123839009 0.62753125 0.3049687498452013 0.62338125 0.30155781238390095 0.624764061904762 0.2981468749226006 0.63168125 0.2978062501547987 0.6455171880952381 0.3032640625386997 0.6441343749999999 0.30633437523219814 0.637215625
1 0.7003558873065016 0.5044769047619048 0.6991061226006192 0.5169841964285714 0.7041052767801858 0.5194856642857143 0.7059798767801857 0.5169841964285714 0.7084795015479876 0.5113559297619047 0.70972926625387 0.50385155 0.7091043362229101 0.4975979035714286 0.7017187356037151 0.49625000119047624 0.7003558873065016 0.5044769047619048
1 0.7334751789473685 0.6483107654761905 0.7328502489164086 0.6608180571428571 0.7422236284829722 0.6533137011904762 0.7434733931888545 0.648936144047619 0.7384374854489164 0.6345312511904763 0.7347249442724458 0.6420571190476191 0.7334751789473685 0.6483107654761905
