1 0.4338508381463271 0.44471926747303764 0.44384246459458154 0.4459680567881101 0.43803927902206397 0.4923966026723745 0.42804765334312833 0.49114781752518394
1 0.45358281624237407 0.4979953131093477 0.4475075724515136 0.4970061107844244 0.45147345175632836 0.4726512634728845 0.4575486739903454 0.4736404640167588
1 0.4570673637896334 0.4662073946785551 0.46791330067412673 0.4659940015727315 0.4688745613437959 0.5148476219665642 0.4580286244836316 0.5150610142924648
1 0.6231690111550279 0.5359577672078005 0.642733415450266 0.5280909939920313 0.6609302331733033 0.573341757992563 0.6413658468009089 0.5812084988509582
1 0.39940794977189853 0.5840783735682704 0.38649683217386155 0.5823369554798895 0.39155498144657486 0.5448391505619891 0.40446601558392103 0.5465805629187944
2 0.30974861361676176 0.6913123149355181 0.2879322377734752 0.6996267814203567 0.27496790064913057 0.6656142081901913 0.2967841283748385 0.6572997731439726
2 0.49565394529474815 0.37016351146654464 0.48240393610035426 0.31939533472648285 0.524527910274287 0.30840177263030394 0.5377779927592883 0.35916983494971716
2 0.34918809197824885 0.31231679514660926 0.33433133888024713 0.3113886957967599 0.33576153770343353 0.2884953746089709 0.35061825995569507 0.2894234729976369
2 0.6992744113528033 0.6743430612717443 0.7263861173286159 0.6544528229449753 0.7512584139354885 0.6883507426927303 0.7241467828109762 0.708240893982312
2 0.6767906711224896 0.6739066735500812 0.6972905996781265 0.6683187714409544 0.7096795546126486 0.713762718848633 0.6891796370197198 0.7193505931944895
2 0.6828533340360536 0.7234250343221874 0.6623919940577707 0.7275150003384505 0.6554054573342682 0.6925676682223373 0.6758666448544091 0.6884777178900859
2 0.4440153192214211 0.28601318188870567 0.45568024253623207 0.2829038724178319 0.47005443143848424 0.3368287215448407 0.4583895112891696 0.33993802274824975
