1 0.3713453126934984 0.581496875 0.3766812501547988 0.5731890630952381 0.3766812501547988 0.555821875 0.37175625015479874 0.549025 0.3655984377708978 0.546759375 0.35697968730650154 0.5482703119047618 0.3504109374613003 0.559596875 0.35328437523219813 0.5830062500000001 0.3565687498452012 0.5875375 0.3619046873065016 0.5882921869047619 0.3660093752321981 0.5882921869047619 0.3713453126934984 0.581496875
1 0.4284 0.580740625 0.42881093746130033 0.5626171869047619 0.42224374984520124 0.55355625 0.4173171876160991 0.54978125 0.4086984377708978 0.54978125 0.405825 0.5618624999999999 0.4091078123839009 0.5754546869047619 0.4115703126934985 0.5837609380952381 0.4189593752321981 0.589803125 0.42388437523219813 0.5913125 0.4284 0.580740625
1 0.44276562476780185 0.5822515630952381 0.4476921876160991 0.5860265630952382 0.4517968749226006 0.5860265630952382 0.4571328123839009 0.5860265630952382 0.458775 0.5837609380952381 0.46328906253869967 0.5754546869047619 0.4682156247678019 0.570925 0.4694468749226006 0.558842186904762 0.4645203126934984 0.5550671880952381 0.45549062476780183 0.5573312500000001 0.44522968730650153 0.5565765630952381 0.4378406247678019 0.558842186904762 0.4423562501547988 0.568659375 0.4394828123839009 0.5769656249999999 0.44276562476780185 0.5822515630952381
1 0.5511281250773994 0.5854765619047619 0.5524859374613003 0.5985828130952381 0.5568953126934985 0.602326561904762 0.5596093752321981 0.606071875 0.5643578123839009 0.60731875 0.569107812383901 0.606071875 0.5745359374613003 0.601078125 0.5775890625386997 0.5954625 0.5792843752321981 0.589221875 0.5789453126934985 0.5811078119047619 0.5762312501547988 0.5754921869047619 0.5708031250773994 0.569875 0.5650375003095975 0.56550625 0.5585921876160991 0.5617624999999999 0.5524859374613003 0.56550625 0.55045 0.572371875 0.5511281250773994 0.5854765619047619
1 0.6946218749226005 0.5586421869047619 0.6936046873065015 0.54865625 0.6932656247678018 0.5349265630952381 0.6898734377708978 0.5442875 0.6878375003095976 0.551153125 0.6878375003095976 0.5642578119047619 0.6912296873065016 0.57424375 0.6953 0.5811078119047619 0.6946218749226005 0.570498438095238 0.6946218749226005 0.5586421869047619
1 0.6566281250773994 0.6241703130952381 0.6562890625386998 0.61668125 0.6522187498452012 0.606071875 0.6467906247678019 0.605446875 0.6505218749226006 0.61668125 0.6532359374613003 0.622921875 0.6566281250773994 0.6241703130952381
1 0.570125 0.652876563095238 0.570125 0.657870313095238 0.5674109374613003 0.6716 0.5660546873065015 0.682832811904762 0.5711437498452012 0.68408125 0.5758921876160991 0.6797124999999999 0.5789453126934985 0.6716 0.5806406247678019 0.656621875 0.5796234377708979 0.6453875 0.5752140625386998 0.637275 0.5711437498452012 0.634778125 0.5650375003095975 0.641020313095238 0.5670718749226007 0.6472609369047619 0.570125 0.652876563095238
1 0.32825625015479876 0.6291625 0.33062968730650155 0.634778125 0.336057812383901 0.6322828119047619 0.34012812507739937 0.627290625 0.34623437523219813 0.621673436904762 0.34623437523219813 0.612935938095238 0.3421640625386997 0.60794375 0.33537968730650153 0.60731875 0.3319875003095975 0.60731875 0.32825625015479876 0.61668125 0.32825625015479876 0.6291625
2 0.31536183900928794 0.7610384880952381 0.3111266080495356 0.7672284416666667 0.30786873746130033 0.7734183940476191 0.3042850804953561 0.7805857095238096 0.2984209139318885 0.7906851071428571 0.29711776594427247 0.7965492738095239 0.29646619195046436 0.8027392261904761 0.29614040495356037 0.8095807547619047 0.29711776594427247 0.8170738559523809 0.3013529969040248 0.8242411702380952 0.3072171634674922 0.8294537630952381 0.3176423479876161 0.8349921416666667 0.3251354495356037 0.8398789476190477 0.33523484767801853 0.8398789476190477 0.3472889671826625 0.8349921416666667 0.3554336427244582 0.8274990404761905 0.36390410588235295 0.8183770035714286 0.36748776284829726 0.8115354761904762 0.3678135498452012 0.8017618654761904 0.36520725386996905 0.7939429773809524 0.3632525318885449 0.786449875 0.35966887430340555 0.7786309869047618 0.3515241987616099 0.7665768666666667 0.3479405411764706 0.7646221452380952 0.3440310972136223 0.7704863119047618 0.3424021622291022 0.7763504773809524 0.33751535665634674 0.7897077452380953 0.32839332012383904 0.8066486714285714 0.3267643851393189 0.8105581154761905 0.32090021857585144 0.8105581154761905 0.31536183900928794 0.8033908011904761 0.3163392 0.7897077452380953 0.3192712835913312 0.7812372833333333 0.3192712835913312 0.7721152464285714 0.32252915356037154 0.7581064047619048 0.32024864458204333 0.7512648773809524 0.3176423479876161 0.7561516821428571 0.31536183900928794 0.7610384880952381
0 0.385892759752322 0.4464737738095238 0.4016604210526316 0.4871377416666666 0.43070611269349846 0.5120340488095239 0.4340256204334365 0.49875601904761907 0.43485549721362227 0.45145303571428574 0.4265567281733746 0.4157683285714286 0.4099591900928793 0.3867226369047619 0.3817433752321981 0.3435690380952381 0.36431596037151703 0.2987556845238095 0.34605866873065017 0.3012453154761905 0.350208053250774 0.3485482988095238 0.3742744829721362 0.4215774666666667 0.385892759752322 0.4464737738095238
