1 0.35697968730650154 0.5482703119047618 0.3504109374613003 0.559596875 0.35328437523219813 0.5830062500000001 0.3565687498452012 0.5875375 0.3619046873065016 0.5882921869047619 0.3660093752321981 0.5882921869047619 0.3713453126934984 0.581496875 0.3766812501547988 0.5731890630952381 0.3766812501547988 0.555821875 0.37175625015479874 0.549025 0.3655984377708978 0.546759375 0.35697968730650154 0.5482703119047618
2 0.3508218749226006 0.40706093809523813 0.35410625015479874 0.4025296880952381 0.3614937498452012 0.407815625 0.36395625015479877 0.42216406309523813 0.3619046873065016 0.4002640619047619 0.3594421876160991 0.39422343809523813 0.35328437523219813 0.386671875 0.3467171876160991 0.38516249999999996 0.3413812501547988 0.39271249999999996 0.34507499999999997 0.4146125 0.35369531269349846 0.43047031190476187 0.3504109374613003 0.416878125 0.3508218749226006 0.40706093809523813
1 0.4086984377708978 0.54978125 0.405825 0.5618624999999999 0.4091078123839009 0.5754546869047619 0.4115703126934985 0.5837609380952381 0.4189593752321981 0.589803125 0.42388437523219813 0.5913125 0.4284 0.580740625 0.42881093746130033 0.5626171869047619 0.42224374984520124 0.55355625 0.4173171876160991 0.54978125 0.4086984377708978 0.54978125
1 0.4645203126934984 0.5550671880952381 0.45549062476780183 0.5573312500000001 0.44522968730650153 0.5565765630952381 0.4378406247678019 0.558842186904762 0.4423562501547988 0.568659375 0.4394828123839009 0.5769656249999999 0.44276562476780185 0.5822515630952381 0.4476921876160991 0.5860265630952382 0.4517968749226006 0.5860265630952382 0.4571328123839009 0.5860265630952382 0.458775 0.5837609380952381 0.46328906253869967 0.5754546869047619 0.4682156247678019 0.570925 0.4694468749226006 0.558842186904762 0.4645203126934984 0.5550671880952381
1 0.5762312501547988 0.5754921869047619 0.5708031250773994 0.569875 0.5650375003095975 0.56550625 0.5585921876160991 0.5617624999999999 0.5524859374613003 0.56550625 0.55045 0.572371875 0.5511281250773994 0.5854765619047619 0.5524859374613003 0.5985828130952381 0.5568953126934985 0.602326561904762 0.5596093752321981 0.606071875 0.5643578123839009 0.60731875 0.569107812383901 0.606071875 0.5745359374613003 0.601078125 0.5775890625386997 0.5954625 0.5792843752321981 0.589221875 0.5789453126934985 0.5811078119047619 0.5762312501547988 0.5754921869047619
1 0.6898734377708978 0.5442875 0.6878375003095976 0.551153125 0.6878375003095976 0.5642578119047619 0.6912296873065016 0.57424375 0.6953 0.5811078119047619 0.6946218749226005 0.570498438095238 0.6946218749226005 0.5586421869047619 0.6936046873065015 0.54865625 0.6932656247678018 0.5349265630952381 0.6898734377708978 0.5442875
1 0.6566281250773994 0.6241703130952381 0.6562890625386998 0.61668125 0.6522187498452012 0.606071875 0.6467906247678019 0.605446875 0.6505218749226006 0.61668125 0.6532359374613003 0.622921875 0.6566281250773994 0.6241703130952381
1 0.714975 0.5449125 0.7146359374613003 0.551153125 0.7153156247678017 0.5605140619047619 0.7170109374613003 0.5611375 0.7190468749226006 0.559265625 0.7227781250773994 0.5536484369047618 0.7214203126934985 0.5455359369047619 0.7187078123839009 0.54054375 0.714975 0.5449125
1 0.7390609374613003 0.6179281249999999 0.7421140625386996 0.612935938095238 0.74415 0.606071875 0.7400781250773993 0.59983125 0.7370249999999999 0.59983125 0.733632812383901 0.6029515619047618 0.7299015622291022 0.606695313095238 0.727867187616099 0.6110640630952381 0.7258312501547988 0.621673436904762 0.7305796873065016 0.6247937499999999 0.7353296873065015 0.622296875 0.7390609374613003 0.6179281249999999
1 0.5806406247678019 0.656621875 0.5796234377708979 0.6453875 0.5752140625386998 0.637275 0.5711437498452012 0.634778125 0.5650375003095975 0.641020313095238 0.5670718749226007 0.6472609369047619 0.570125 0.652876563095238 0.570125 0.657870313095238 0.5674109374613003 0.6716 0.5660546873065015 0.682832811904762 0.5711437498452012 0.68408125 0.5758921876160991 0.6797124999999999 0.5789453126934985 0.6716 0.5806406247678019 0.656621875
1 0.34623437523219813 0.621673436904762 0.34623437523219813 0.612935938095238 0.3421640625386997 0.60794375 0.33537968730650153 0.60731875 0.3319875003095975 0.60731875 0.32825625015479876 0.61668125 0.32825625015479876 0.6291625 0.33062968730650155 0.634778125 0.336057812383901 0.6322828119047619 0.34012812507739937 0.627290625 0.34623437523219813 0.621673436904762
0 0.35546874984520127 0.3385416666666667 0.38151041671826624 0.4544270833333333 0.41015625015479873 0.5078125 0.442708333126935 0.5013020833333334 0.43098958328173376 0.4231770833333333 0.380208333126935 0.3046875 0.35546874984520127 0.30859375 0.354166666873065 0.3346354166666667 0.35546874984520127 0.3385416666666667
