1 0.3504108922185196 0.5882922073870731 0.3504109573818823 0.5467593400751383 0.3766812438037732 0.5467594008178437 0.3766812730489164 0.5882921736224449
1 0.4281581465385216 0.5914093954228933 0.40516680086284396 0.5908881330610327 0.4061047238168385 0.5495270388501603 0.4290959044342344 0.5500482993415011
1 0.4691232753532404 0.5547069671263017 0.4714862954746195 0.5849034897058125 0.44007231389934987 0.5873614420778516 0.4377093821708513 0.5571650019286061
1 0.5499242090807002 0.5622109937967733 0.5778925822814927 0.5607638694078618 0.5802590705795865 0.6064959990284405 0.5522906978325182 0.607943117515701
1 0.6953000135124512 0.581107812092167 0.6883524372291276 0.5813175043830138 0.6869579026824795 0.5351169434152433 0.6939054243802047 0.5349072519489725
1 0.6588371711180798 0.6233229032603621 0.6538098496084785 0.6252514271727609 0.6462860415410887 0.6056404378409487 0.6513133452717739 0.6037119177284177
1 0.5648893464006051 0.6349302575950271 0.5801039262584027 0.6345601769744506 0.5813026258898617 0.6838341459338414 0.5660880460965245 0.6842042247225764
1 0.32825625 0.60731875 0.346234375 0.60731875 0.346234375 0.634778125 0.32825625 0.634778125
0 0.32728547507269923 0.30908682860769576 0.3738669253862099 0.28962986904549365 0.4614113700035887 0.4992086682231631 0.4148300759117092 0.5186653531980382
2 0.320230181375905 0.8256844089200568 0.29116709024731335 0.8073141328391363 0.3218469070889114 0.7587861708739201 0.35090969233760916 0.7771563184761974
2 0.7387409104259177 0.44379473313122697 0.7061365075978756 0.4420794396991599 0.7090451468914125 0.38679691535440397 0.7416493247861808 0.3885122029088027
2 0.7894694458994991 0.7176635297090765 0.8053316160804798 0.7268255779901791 0.7948070731405323 0.7450436417164351 0.7789449186857382 0.7358816149093379
2 0.7888206914261673 0.6895037577779448 0.8055813872241515 0.6940154108079599 0.799672458102691 0.7159636660806302 0.7829117665654621 0.7114520240286083
2 0.5959253134776645 0.7969204751474412 0.5855323335902085 0.8272561888300417 0.5564645885145865 0.8172995172658852 0.5668576246131352 0.7869639188618306
