1 0.26552968730650156 0.395334375 0.2749046873065015 0.40056250000000004 0.28132031269349844 0.3597796869047619 0.2724375003095975 0.3576875 0.2660234377708978 0.3733734380952381 0.26552968730650156 0.395334375
1 0.3286937498452013 0.445528125 0.34596406253869966 0.4559859380952381 0.3504062501547988 0.448665625 0.34645781238390094 0.434025 0.33954999999999996 0.42879687499999997 0.3282 0.42670625 0.3227718749226006 0.4329796880952381 0.3286937498452013 0.445528125
1 0.353607812383901 0.42622656309523804 0.35394531269349844 0.44051250000000003 0.3542828123839009 0.45479687500000004 0.35798906253869966 0.4505109380952381 0.36102343777089785 0.44336875000000003 0.36237187492260065 0.4347984380952381 0.3576531250773994 0.4255125 0.353607812383901 0.42622656309523804
1 0.7081265622291021 0.374915625 0.7056968749226006 0.366090625 0.7029203126934984 0.3690328130952381 0.7004906247678019 0.3771234369047619 0.7029203126934984 0.3881546869047619 0.7070843752321981 0.393303125 0.7102093752321982 0.388890625 0.7081265622291021 0.374915625
1 0.6484265622291022 0.5352515619047619 0.6442609374613003 0.5205421869047618 0.6477312501547987 0.51539375 0.6501609374613003 0.511715625 0.6550203126934985 0.5183359380952381 0.6571031250773994 0.5227484380952381 0.6612687498452013 0.5315734369047619 0.6647390625386997 0.5330453119047619 0.6675156247678019 0.525690625 0.6678624996904025 0.511715625 0.6661281250773994 0.50141875 0.6647390625386997 0.49332968690476187 0.6602265622291023 0.48082499999999995 0.6560624996904024 0.4793546869047619 0.6501609374613003 0.4815609380952381 0.6439140625386998 0.48891562499999996 0.6352359374613002 0.49406406309523815 0.6275999999999999 0.5073031250000001 0.6272531250773994 0.51539375 0.6296828123839009 0.523484375 0.6321125003095975 0.530103125 0.636625 0.538928125 0.6442609374613003 0.548490625 0.6484265622291022 0.5455484380952381 0.6484265622291022 0.5352515619047619
1 0.6168406247678019 0.5565796880952381 0.6213531250773994 0.550696875 0.6216999999999999 0.53819375 0.6203109374613003 0.5227484380952381 0.6161453126934984 0.51539375 0.6130218749226006 0.5190703119047619 0.6095515622291022 0.5286328119047619 0.6123281250773994 0.5433421869047619 0.6168406247678019 0.5565796880952381
1 0.39226874984520127 0.548490625 0.39469843777089786 0.5293671880952381 0.3926156247678019 0.5205421869047618 0.38636874984520125 0.5227484380952381 0.3832453126934985 0.534515625 0.3835921876160991 0.55143125 0.3894921876160991 0.5580515630952381 0.39226874984520127 0.548490625
1 0.3658890625386997 0.5293671880952381 0.3690140625386997 0.5109812499999999 0.36658437523219817 0.49847656190476186 0.36068281238390093 0.4999484369047619 0.3547828123839009 0.5095093749999999 0.3558234377708978 0.5315734369047619 0.35894843777089785 0.5448125 0.3658890625386997 0.5293671880952381
1 0.33360937523219814 0.5183359380952381 0.33430468730650154 0.503625 0.33291562476780184 0.491121875 0.3273625003095975 0.480090625 0.3231968749226006 0.4874453119047619 0.3200734377708978 0.50141875 0.3190312501547987 0.5220125 0.3200734377708978 0.5293671880952381 0.3270156247678018 0.5286328119047619 0.33360937523219814 0.5183359380952381
1 0.3159078123839009 0.5058328130952381 0.3186843752321981 0.4955359369047619 0.3190312501547987 0.486709375 0.3152140625386997 0.4830328130952381 0.3093125003095975 0.4874453119047619 0.30896562476780187 0.4999484369047619 0.31174218761609906 0.5176 0.3159078123839009 0.5058328130952381
1 0.23711718761609907 0.4536125 0.2409359374613003 0.4646453119047619 0.2468359374613003 0.47347031309523807 0.2513484377708978 0.47347031309523807 0.2596781250773994 0.468321875 0.26662031269349845 0.4609671880952381 0.26384374984520126 0.445521875 0.260025 0.434490625 0.2520421876160991 0.4264 0.24475312507739938 0.42566406309523813 0.24128281238390092 0.42787031190476194 0.23642343777089783 0.4381671880952381 0.23711718761609907 0.4536125
