1 0.23768750030959754 0.4791421880952381 0.2398218749226006 0.470803125 0.24275781238390096 0.45853906190476196 0.24489218761609907 0.45068906190476193 0.24542656222910217 0.44431250000000005 0.23902187492260063 0.44970781190476194 0.23715312507739938 0.4531421880952381 0.23395 0.45853906190476196 0.23235 0.46442500000000003 0.2320828123839009 0.473746875 0.23074843777089782 0.4860109380952381 0.2291468749226006 0.49385937500000004 0.23101562476780185 0.49533125000000006 0.23448437523219814 0.4869921880952381 0.23768750030959754 0.4791421880952381
1 0.21286874984520124 0.473746875 0.21767187492260062 0.4815953119047619 0.22354374984520123 0.4840484369047619 0.22434374984520125 0.47718125 0.2232765622291022 0.470803125 0.21927343777089783 0.46785937499999997 0.21553749969040245 0.463934375 0.21206718761609908 0.46540625 0.21286874984520124 0.473746875
1 0.27558125015479873 0.510048436904762 0.27638281238390094 0.4963125 0.27104531269349846 0.4884640630952381 0.267575 0.49435 0.26784218761609907 0.50121875 0.27157812507739937 0.5134828130952381 0.27558125015479873 0.510048436904762
1 0.31427656222910216 0.5389921869047619 0.31747968730650156 0.5448796869047619 0.31988125015479874 0.5404640619047618 0.31908125015479877 0.5301625 0.3172124996904025 0.5208421869047619 0.3145437498452012 0.524275 0.31320937523219816 0.531634375 0.31427656222910216 0.5389921869047619
1 0.32361718761609903 0.521332813095238 0.3214828123839009 0.526728125 0.32121562476780186 0.5301625 0.31988125015479874 0.5463515630952381 0.32174843777089784 0.5468421869047619 0.32361718761609903 0.5448796869047619 0.32548593746130033 0.5424265630952381 0.3262859374613003 0.5340875 0.3257515622291021 0.525746875 0.32361718761609903 0.521332813095238
1 0.6627296873065015 0.6146874999999999 0.6644953126934985 0.6203625 0.6664796873065015 0.6272546869047619 0.6689062501547988 0.6304984369047619 0.6722140625386996 0.6304984369047619 0.675742187616099 0.6264437500000001 0.6750812501547988 0.6191468750000001 0.6706703126934984 0.611848438095238 0.6680234377708979 0.6106328130952381 0.6627296873065015 0.6146874999999999
1 0.6598625003095976 0.6138765630952381 0.6563343752321982 0.6179296880952381 0.6539078123839009 0.619957813095238 0.65435 0.626039063095238 0.6547906247678019 0.629282811904762 0.6600843752321982 0.634553125 0.6616281250773994 0.634957813095238 0.6638328123839009 0.629282811904762 0.6631718749226007 0.6203625 0.6618484377708979 0.6163078119047619 0.6598625003095976 0.6138765630952381
1 0.6413375003095975 0.6333375 0.6431015622291022 0.624821875 0.6397937498452013 0.625228125 0.6347203126934984 0.629282811904762 0.6303093752321982 0.6321203130952381 0.6250156247678018 0.6333375 0.6276625003095975 0.6361749999999999 0.63075 0.6390125 0.6342796873065015 0.63941875 0.6397937498452013 0.6361749999999999 0.6413375003095975 0.6333375
1 0.33421562476780187 0.6522 0.33688437523219816 0.64533125 0.33368125015479877 0.637482813095238 0.3299453126934984 0.632576561904762 0.3222062501547988 0.6286515619047619 0.31153125015479877 0.62129375 0.30272499999999997 0.6154062499999999 0.29418593746130034 0.62129375 0.2901828123839009 0.64533125 0.29258437523219816 0.6502374999999999 0.30059062476780185 0.655632811904762 0.3061953126934984 0.655142188095238 0.3144671876160991 0.6571046880952381 0.3203390625386997 0.6615203130952381 0.3235406247678018 0.6615203130952381 0.33047968730650157 0.6571046880952381 0.33421562476780187 0.6522
2 0.27924062476780187 0.750804688095238 0.27790625015479875 0.7444265630952381 0.2808421876160991 0.7370687499999999 0.27790625015479875 0.7370687499999999 0.2744374996904025 0.742954686904762 0.26963437523219813 0.747860938095238 0.2629625003095975 0.7483515619047619 0.2608281250773994 0.7454078119047619 0.2592265622291022 0.7370687499999999 0.2624281250773994 0.730690625 0.2645640625386997 0.7238234369047619 0.27016718761609904 0.707634375 0.27096874984520125 0.7022375 0.26402968730650156 0.7110687499999999 0.256825 0.7174453130952381 0.25308906253869967 0.7252953130952381 0.24855156222910216 0.741975 0.25042031269349846 0.752276561904762 0.2554906247678019 0.7596343750000001 0.26322968730650154 0.76110625 0.2691 0.760615625 0.27096874984520125 0.76405 0.2728359374613003 0.768465625 0.2752390625386997 0.7728796869047618 0.2813765622291022 0.776314063095238 0.28697968730650153 0.776314063095238 0.29738750030959754 0.770428125 0.3035265622291022 0.761596875 0.30859687492260063 0.7532578119047619 0.3134 0.743935936904762 0.31900468730650156 0.730690625 0.3219390625386997 0.7174453130952381 0.32380781238390094 0.7007656250000001 0.31847031269349846 0.7110687499999999 0.3155343752321981 0.718426563095238 0.3109984377708978 0.727748438095238 0.30592812507739936 0.7311812499999999 0.3003234377708978 0.7385406250000001 0.29578750030959755 0.7444265630952381 0.2901828123839009 0.7498234380952381 0.28431250030959754 0.754239061904762 0.27924062476780187 0.750804688095238
1 0.2804703126934985 0.6262375 0.282675 0.6255 0.28668437523219814 0.62365625 0.29029374984520123 0.618865625 0.2925 0.6085453130952381 0.29209843777089783 0.6011734369047619 0.2896921876160991 0.6004359380952381 0.2856828123839009 0.6019109369047619 0.28167187492260065 0.609651563095238 0.2804703126934985 0.6262375
0 0.15641831145510837 0.6612541666666666 0.180521506501548 0.6335595559523809 0.1707016482972136 0.686268694047619 0.18855583653250774 0.6907355690476191 0.21980066625386996 0.6335595559523809 0.22247882167182662 0.5924642857142858 0.1974829306501548 0.5835305357142857 0.18409228978328174 0.5558359928571429 0.14754462229102167 0.6453125011904762 0.15641831145510837 0.6612541666666666
0 0.7304304904024768 0.6094384916666666 0.7331086458204336 0.6487469035714286 0.7688170222910217 0.660360805952381 0.8036326346749225 0.668401194047619 0.814345120743034 0.6478535416666666 0.8152378848297213 0.629092680952381 0.7973836965944272 0.5987179166666666 0.7848858191950464 0.579957055952381 0.7625680835913312 0.5683431880952381 0.7509628340557276 0.5763835428571429 0.7513392650154798 0.6062500011904762 0.7304304904024768 0.6094384916666666
