1 0.7236668112306006 0.5954594591087148 0.7473353638499702 0.595152404128565 0.7483061887238591 0.6699771114974504 0.7246376361454168 0.6702841642636522
1 0.7303779356998348 0.6752133824976554 0.712994766580664 0.6788881394338949 0.7023711787360298 0.6286402036340994 0.7197541758069974 0.6249654655305491
1 0.6744034008074777 0.6668573602231364 0.6872150508346522 0.666283210681189 0.6886192080578439 0.6976113667544434 0.6758075581542471 0.6981855144234271
1 0.6252542135844124 0.681467963847949 0.6696811738922861 0.6712486761773359 0.6841100666483726 0.7339670111930455 0.6396831304417674 0.7441862277732387
1 0.3913492029869303 0.7076829438719938 0.3746559924622943 0.7067686866400218 0.3769367044184264 0.6651330240066019 0.39362976944619277 0.6660472772403829
0 0.8056657697836727 0.7400056777100008 0.7522252803142919 0.7533641098793529 0.7096773510411367 0.5831707339941072 0.7631160492200024 0.5698125352037493
0 0.6968227619462368 0.35682316412254106 0.7525068753590176 0.34548083013471026 0.7878318916912121 0.5188964117700288 0.732147818558019 0.5302386107136107
2 0.22131434982111386 0.6971347679663664 0.19270834036422002 0.7179128846671667 0.17057861563341703 0.6874503948231935 0.19918446772862808 0.6666723608538926
2 0.5276740080537365 0.8636886866675078 0.4962906457972167 0.8725346056024083 0.4823014033858044 0.8229140084325886 0.5136843728417944 0.8140681482652038
2 0.7409772800632481 0.7746423742558666 0.7595466728989777 0.7879945720124528 0.7463379923915454 0.806360837293637 0.7277686301172253 0.7930086758282803
2 0.3936257956852387 0.4273142988850388 0.36813989300264893 0.4263344937277831 0.36974924895241656 0.3844769938410248 0.395235020217342 0.3854567964749333
0 0.22383458243098175 0.5287634948092682 0.28844856160264953 0.5423695169772387 0.25283813368707797 0.7114619025696939 0.18822421864331318 0.6978561015946056
1 0.26143359161824264 0.4994886014646118 0.23636600665645346 0.49177285669858967 0.25473959293969983 0.43208356602934483 0.2798069715499878 0.43979927681177444
1 0.7399707082031455 0.4274876406565943 0.7723055243296812 0.42160383574970756 0.7849540967490611 0.49111054764207157 0.7526192887239631 0.4969943232797302
