1 0.24829218761609906 0.4939234380952381 0.25728125015479875 0.5070890619047619 0.26177656222910217 0.497975 0.26677031269349843 0.4929109380952381 0.27026562476780186 0.48278281190476185 0.27026562476780186 0.4534109369047619 0.263275 0.43821875 0.2522875003095975 0.4260640619047619 0.24929062476780184 0.43821875 0.24579531269349844 0.4574625 0.24479531269349844 0.47974375 0.24829218761609906 0.4939234380952381
1 0.7340312501547989 0.595325 0.7271124996904025 0.5968828119047619 0.7253187498452013 0.607278125 0.7240359374613003 0.623909375 0.724292187616099 0.6436593749999999 0.7281375003095975 0.659251563095238 0.733775 0.670165625 0.7394140625386997 0.666007813095238 0.7442828123839009 0.654573438095238 0.7463328123839008 0.6472984380952381 0.7478703126934985 0.636382813095238 0.7476140625386998 0.625989061904762 0.745307812383901 0.617673436904762 0.7427453126934984 0.6088375 0.73685 0.604159375 0.7340312501547989 0.595325
1 0.7145546873065016 0.6265078119047619 0.7094281250773994 0.6431390619047619 0.7076343752321982 0.653534375 0.7114781250773994 0.66860625 0.7173734377708978 0.6779625 0.7248062501547987 0.6743234369047619 0.7263437498452012 0.670165625 0.7263437498452012 0.6561328130952381 0.7232671876160991 0.6415812500000001 0.7173734377708978 0.6254687499999999 0.7145546873065016 0.6265078119047619
1 0.680725 0.696153125 0.6863624996904025 0.6977125 0.6873890625386998 0.696153125 0.688157812383901 0.68835625 0.6879015622291023 0.6816 0.6863624996904025 0.672245313095238 0.68175 0.666528125 0.6758562501547988 0.670165625 0.6748312501547987 0.676403125 0.6753437498452012 0.6878375 0.6789312501547987 0.6956328130952381 0.680725 0.696153125
1 0.6345937498452012 0.696153125 0.633825 0.718501563095238 0.63485 0.7231781249999999 0.6366437498452012 0.730975 0.6402328123839008 0.7382515630952381 0.647407812383901 0.742409375 0.6640671876160991 0.7377312500000001 0.6697046873065015 0.7304546869047619 0.6730359374613003 0.71798125 0.6763687498452012 0.70135 0.6745734377708977 0.692514061904762 0.669192187616099 0.683159375 0.6653484377708978 0.672245313095238 0.6571468749226006 0.677442188095238 0.6461265622291021 0.682120313095238 0.639207812383901 0.689395311904762 0.6345937498452012 0.696153125
1 0.3775437498452012 0.70446875 0.38010625015479876 0.707067188095238 0.38805156222910214 0.7049875 0.3918953126934985 0.6977125 0.39240781238390093 0.68835625 0.39035781238390094 0.675882811904762 0.38830781238390094 0.6738046869047619 0.3834374996904025 0.665489063095238 0.3793375003095975 0.667046875 0.3772875003095975 0.6743234369047619 0.37549374984520123 0.6914750000000001 0.3775437498452012 0.70446875
2 0.23172449721362232 0.7667235119047618 0.2292852916408669 0.7805456738095238 0.22603301795665634 0.7951809059523809 0.22603301795665634 0.8049377261904762 0.22521994984520122 0.8211990952380952 0.22603301795665634 0.8293297785714286 0.22847222352941177 0.8447780785714286 0.23660290773993808 0.8520956940476191 0.24717279690402477 0.8602263785714286 0.26831257523219815 0.8455911476190476 0.2699387120743034 0.8317689845238095 0.2691256439628483 0.8187598892857142 0.27075178080495355 0.8073769321428572 0.27075178080495355 0.7903024952380953 0.26749950712074305 0.7691627166666667 0.26262109659442723 0.7585928273809525 0.24798586501547987 0.7504621428571429 0.24473359133126935 0.7374530488095238 0.24229438637770898 0.7301354333333333 0.2349767708978328 0.7520882797619047 0.23172449721362232 0.7667235119047618
2 0.1712407374613003 0.5943480583333334 0.17195424024767803 0.6193206666666667 0.16767322167182663 0.6453635285714285 0.16624621547987617 0.6778279178571428 0.16874347616099072 0.7052977857142858 0.17195424024767803 0.7181408416666666 0.19193232631578946 0.7199245988095239 0.21191041238390093 0.7113625619047619 0.21940219442724457 0.7006600166666667 0.19942410835913313 0.7003032642857142 0.1876513077399381 0.692454730952381 0.1872945560371517 0.6853197 0.18979181733746128 0.678184669047619 0.19585659318885448 0.6653416142857144 0.19835385386996904 0.6567795773809524 0.20049436284829722 0.644650025 0.20156461795665634 0.6350177333333333 0.20370512693498455 0.6253854428571428 0.20513213312693498 0.6161099023809524 0.20584563591331267 0.6061208595238096 0.20370512693498455 0.5964885678571429 0.1997808600619195 0.5900670404761905 0.18622430154798764 0.5829320095238095 0.17373799814241486 0.5857860214285714 0.1712407374613003 0.5943480583333334
0 0.19064567120743034 0.6877498047619047 0.1915365386996904 0.6930950107142857 0.2146990972136223 0.6948767452380952 0.22806211145510835 0.685968069047619 0.23518905201238388 0.6743867904761905 0.24766119876160989 0.6512242321428572 0.2681511541795666 0.6200438654761905 0.27082375727554175 0.6093534535714286 0.2699328897832817 0.5861908952380952 0.2672602866873065 0.5710461464285714 0.25033380185758514 0.5550105285714285 0.23073471393188855 0.5354114404761905 0.21826256718266254 0.5594648666666667 0.21113562662538699 0.6120260571428572 0.19866347987616098 0.6672598488095238 0.19064567120743034 0.6877498047619047
0 0.724936534365325 0.602768313095238 0.7233219764705883 0.6377504035714285 0.737314812383901 0.6786525392857142 0.7507694619195047 0.7071763964285714 0.7712205300309598 0.7313947666666667 0.7970534575851393 0.7421584857142858 0.799744387616099 0.7340856964285715 0.7981298297213623 0.7243983488095238 0.7943625275541795 0.7098673261904762 0.7889806674922601 0.6883398869047619 0.7862897374613003 0.6727324928571429 0.7846751795665634 0.6603542154761904 0.7830606216718267 0.6495904952380953 0.7755260179566564 0.6302157988095237 0.7674532278637771 0.5871609202380952 0.7561513219814242 0.5715535261904762 0.7453876018575852 0.5785499440476191 0.7276274643962849 0.5909282214285714 0.724936534365325 0.602768313095238
0 0.7087909547987616 0.3659664761904762 0.7082527684210527 0.40417768214285715 0.7157873721362229 0.4499234916666667 0.7276274643962849 0.5080475785714286 0.7486167182662539 0.5268840880952381 0.756689507739938 0.516120369047619 0.7609949956656347 0.5042802761904762 0.7620713678018576 0.5032039047619048 0.7669150421052631 0.49782204523809526 0.7706823436532507 0.48867288333333336 0.7755260179566564 0.4800619071428571 0.7776787616099071 0.47091274523809523 0.7749878315789474 0.4558435369047619 0.7685296 0.4418507011904762 0.756689507739938 0.4257051214285715 0.747002160371517 0.40955954166666664 0.7410821139318886 0.3961048916666667 0.7357002544891641 0.3837266142857143 0.7346238823529412 0.37296289404761906 0.7335475102167183 0.36219917380952377 0.7206310464396285 0.35197364047619045 0.7087909547987616 0.3659664761904762
