1 0.40212812507739937 0.5095609380952381 0.3996515622291022 0.5313234380952381 0.40212812507739937 0.550575 0.40790781238390095 0.548064063095238 0.4169875003095975 0.5472265630952381 0.42194062476780186 0.535509375 0.41905156222910217 0.5154203130952381 0.4145109374613003 0.505375 0.4083203126934985 0.5037015630952381 0.40212812507739937 0.5095609380952381
1 0.6752843752321982 0.5298015619047619 0.6783546873065015 0.5408703119047619 0.6824468749226006 0.5408703119047619 0.6831296873065016 0.5339515619047619 0.6838125003095975 0.518732811904762 0.6827890625386996 0.5125078119047619 0.6797187498452013 0.5090484369047619 0.6752843752321982 0.5215 0.6752843752321982 0.5298015619047619
1 0.6858578123839009 0.515275 0.6858578123839009 0.529109375 0.6885875003095976 0.5408703119047619 0.6933625003095976 0.539485938095238 0.6960921876160991 0.5311859380952381 0.6960921876160991 0.515965625 0.6943859374613004 0.50420625 0.6892687498452011 0.4993640630952381 0.6858578123839009 0.515275
1 0.7267921876160991 0.523575 0.7278156247678018 0.5132 0.7278156247678018 0.49798125000000004 0.7247453126934985 0.49037031190476194 0.7206515622291021 0.48622031190476195 0.7179234377708978 0.4952140630952381 0.7151937498452012 0.51735 0.7179234377708978 0.5318765630952381 0.7237218749226005 0.5311859380952381 0.7267921876160991 0.523575
1 0.7561281250773993 0.61973125 0.751692187616099 0.6135046869047619 0.7489640625386996 0.6135046869047619 0.7448703126934985 0.6224984380952381 0.7452124996904024 0.6335656249999999 0.7496468749226006 0.644634375 0.7544218749226006 0.657778125 0.7585156247678018 0.655010936904762 0.7612437498452013 0.6439421880952381 0.7581734377708979 0.6280328119047619 0.7561281250773993 0.61973125
1 0.7421421876160991 0.6252656249999999 0.7404359374613003 0.628723436904762 0.7397546873065015 0.6391000000000001 0.7418 0.6453265630952381 0.7445296873065016 0.6467093749999999 0.7455531250773993 0.6397921869047619 0.7441890625386998 0.630107811904762 0.7421421876160991 0.6252656249999999
1 0.6998437498452013 0.668154686904762 0.7035968749226006 0.670921875 0.7066656247678018 0.6646953119047619 0.7073484377708978 0.6557031249999999 0.7053015622291021 0.644634375 0.6988203126934984 0.64601875 0.6971156247678019 0.659160936904762 0.6998437498452013 0.668154686904762
1 0.6954093752321981 0.677839061904762 0.6967734377708978 0.670921875 0.6974562501547987 0.657778125 0.6950687498452013 0.6467093749999999 0.6913156247678018 0.6411749999999999 0.6868812501547987 0.6453265630952381 0.685517187616099 0.659160936904762 0.6882468749226006 0.672304686904762 0.6913156247678018 0.6757640630952381 0.6954093752321981 0.677839061904762
1 0.6329859374613003 0.657778125 0.6326453126934984 0.672304686904762 0.6363968749226006 0.6785312499999999 0.64015 0.679223436904762 0.6428781250773994 0.6702296880952381 0.6421968749226006 0.656395311904762 0.6398078123839008 0.643251561904762 0.6353734377708977 0.6439421880952381 0.6329859374613003 0.657778125
1 0.4020531250773994 0.670921875 0.4020531250773994 0.6889078130952381 0.4102406247678018 0.6889078130952381 0.4133109374613003 0.673689061904762 0.4143343752321982 0.6612374999999999 0.4064874996904025 0.6584703130952381 0.4030765622291022 0.6584703130952381 0.4020531250773994 0.670921875
2 0.2990374996904025 0.817575 0.29392187492260063 0.816884375 0.2959671876160991 0.806507813095238 0.29801406253869966 0.794746875 0.2946031250773994 0.801665625 0.29016874984520125 0.807890625 0.2884640625386997 0.818959375 0.2898281250773994 0.8279515619047619 0.29494531269349844 0.834178125 0.301425 0.8279515619047619 0.3065421876160991 0.8141171869047619 0.30995312507739936 0.7968234369047619 0.3055187498452012 0.808582813095238 0.2990374996904025 0.817575
2 0.32427968730650153 0.8424796869047619 0.33007968730650156 0.8390203119047619 0.33519531269349845 0.825876563095238 0.3362187498452013 0.8134250000000001 0.32973750030959753 0.8238015619047618 0.3249625003095975 0.830028125 0.3188218749226006 0.825184375 0.32189218761609906 0.8134250000000001 0.32564531269349845 0.799589063095238 0.32189218761609906 0.806507813095238 0.3160937498452012 0.819651563095238 0.31541093746130033 0.834178125 0.32427968730650153 0.8424796869047619
2 0.2625390625386997 0.75255 0.2587874996904025 0.7608515619047619 0.25810468730650155 0.7816046869047619 0.2625390625386997 0.793364063095238 0.27243125015479874 0.799589063095238 0.28061718761609905 0.792671875 0.2864171876160991 0.7822953119047619 0.2894874996904025 0.7705359369047619 0.2908515622291022 0.7573921880952381 0.28607499999999997 0.760159375 0.28164062476780183 0.76361875 0.27550156222910216 0.76984375 0.270725 0.7739953130952382 0.2673140625386997 0.76984375 0.26867968730650155 0.7567 0.27038437523219816 0.747015625 0.2673140625386997 0.747015625 0.2625390625386997 0.75255
1 0.29255625015479875 0.6875234380952381 0.29528593746130033 0.686832811904762 0.2983562501547988 0.6833734369047619 0.301425 0.6785312499999999 0.3041546873065015 0.68268125 0.3065421876160991 0.68268125 0.30892968730650155 0.681298436904762 0.3133640625386997 0.6757640630952381 0.31677500000000003 0.666770313095238 0.31643437523219814 0.653628125 0.3068828123839009 0.6480937499999999 0.2973328123839009 0.650860936904762 0.29016874984520125 0.6480937499999999 0.28437031269349844 0.638409375 0.2761828123839009 0.638409375 0.2761828123839009 0.648784375 0.2758421876160991 0.6584703130952381 0.276525 0.661928125 0.2778890625386997 0.6646953119047619 0.28164062476780183 0.670921875 0.28334687492260063 0.6743796880952381 0.28368749969040247 0.679914063095238 0.2864171876160991 0.684065625 0.29255625015479875 0.6875234380952381
