1 0.265142259199024 0.5497070590955202 0.2525147273639732 0.5489006011312652 0.2552566642198144 0.5059717370216066 0.2678841088890067 0.5067781921919495
1 0.3573759401491543 0.5209180315453706 0.3710138441408617 0.5228309793345788 0.36082351563766224 0.5954737776849597 0.3471856141148919 0.5935608418401798
1 0.4208862189842648 0.5262196666307442 0.4346179360320548 0.5265014251228869 0.4332862025765962 0.5913984802133402 0.4195544855722346 0.5911167232773314
1 0.44983666181519766 0.5742609494411931 0.43323492040678957 0.5682451498142462 0.45449530366511226 0.5095787018428468 0.4710968897981047 0.5155944705016547
1 0.5051889952619604 0.574106183449833 0.47267142672728824 0.571972813531431 0.4782073196515739 0.48760425506804156 0.510724451563533 0.48973761075741107
1 0.5326549648133323 0.5685435929685815 0.5254326617101697 0.5687503702362636 0.5243932719084796 0.5324491674388436 0.5316155308915995 0.5322423908046862
1 0.22609745385398128 0.6589847066576628 0.19693058274378927 0.6579292516270745 0.1987936007216149 0.6064566735424508 0.22796018233577797 0.6075121233270198
1 0.240334265140973 0.6256382280473692 0.2518252674572068 0.6281926450633332 0.2439335568575416 0.6636889160419788 0.2324425574960287 0.6611345081593695
1 0.7689113507906313 0.6431222951107466 0.7398993377314582 0.6483787053527496 0.7282481054068057 0.5840780094487072 0.7572597701284849 0.5788216316914303
2 0.7876534324045679 0.6767947055152249 0.8045572254083027 0.6796250166520754 0.7982555251674057 0.7172558612044531 0.7813517349758285 0.7144255615475427
