1 0.20698437523219815 0.696079686904762 0.19993125015479873 0.699129686904762 0.19412343777089783 0.712090625 0.1903890625386997 0.7303875 0.19329374984520123 0.7463984369047619 0.1957828123839009 0.757834375 0.20117656222910216 0.7410609380952381 0.20034687492260062 0.7250515630952381 0.20491093746130032 0.717426561904762 0.21030468730650154 0.7067531250000001 0.20698437523219815 0.696079686904762
1 0.21071874984520125 0.7685078130952381 0.20864531269349845 0.7898546880952381 0.2219218749226006 0.7852796869047619 0.23021874984520124 0.77765625 0.23353750030959752 0.7646953119047619 0.23021874984520124 0.7410609380952381 0.2293890625386997 0.720476561904762 0.22316562476780186 0.7067531250000001 0.22150625015479877 0.7159015630952381 0.22067656222910217 0.7334375 0.21486718761609908 0.7502093750000001 0.21071874984520125 0.7685078130952381
1 0.24474062476780184 0.7639328119047619 0.24847343777089784 0.7677453130952381 0.25303749969040246 0.7593593750000001 0.2576015622291022 0.7601218750000001 0.2605062501547988 0.744873438095238 0.26092031269349847 0.7334375 0.26257968730650155 0.716664063095238 0.25594218761609905 0.7227640630952381 0.2505484377708978 0.7303875 0.24764374984520124 0.7387734369047619 0.2468140625386997 0.7502093750000001 0.24474062476780184 0.7639328119047619
1 0.2808359374613003 0.7418234369047619 0.2808359374613003 0.7311500000000001 0.27461250030959755 0.7250515630952381 0.2692187498452012 0.720476561904762 0.26755937523219814 0.7288625 0.2700484377708978 0.7441109380952381 0.26755937523219814 0.7601218750000001 0.27544218761609907 0.7608828119047619 0.2787609374613003 0.7524968750000001 0.2808359374613003 0.7418234369047619
1 0.6729078123839008 0.719714063095238 0.6783015622291021 0.717426561904762 0.6820343752321981 0.715140625 0.6824500000000001 0.705228125 0.6791312501547988 0.69226875 0.6762265622291022 0.696842186904762 0.6729078123839008 0.708278125 0.6695890625386997 0.694554688095238 0.6675140625386996 0.6846437499999999 0.6625359374613004 0.69226875 0.66295 0.7067531250000001 0.665025 0.7227640630952381 0.6695890625386997 0.716664063095238 0.6729078123839008 0.719714063095238
1 0.7320406247678019 0.73020625 0.7337406247678019 0.7291640630952381 0.7289234377708979 0.71875 0.7249562501547987 0.725520313095238 0.7235390625386997 0.73333125 0.7277906247678019 0.733851563095238 0.7320406247678019 0.73020625
1 0.7416750000000001 0.758846875 0.7467765622291022 0.7515562499999999 0.7476265622291022 0.742182811904762 0.7473437498452012 0.725520313095238 0.7425250000000001 0.7171875 0.736292187616099 0.718229686904762 0.738557812383901 0.7239578130952381 0.7377078123839009 0.733851563095238 0.7371421876160991 0.7401 0.738275 0.755201561904762 0.7416750000000001 0.758846875
1 0.6631796873065015 0.8635125 0.6566624996904025 0.862470313095238 0.6580796873065016 0.8739265630952381 0.6597796873065015 0.8801749999999999 0.6645968749226007 0.887465625 0.6665812501547987 0.8905906250000001 0.6682812501547987 0.8827796880952381 0.6662968749226007 0.87028125 0.6631796873065015 0.8635125
1 0.5878031250773994 0.8995000000000001 0.5824187498452013 0.8864812500000001 0.5770343752321981 0.8802328130952382 0.5702328123839009 0.8833578130952381 0.5719328123839009 0.8890859380952381 0.5759 0.902103125 0.5790171876160991 0.9213703130952381 0.5838343752321982 0.925535936904762 0.5863859374613003 0.915121875 0.5878031250773994 0.8995000000000001
1 0.37328593746130034 0.9354296869047619 0.3778203126934984 0.9297015630952381 0.38348749969040247 0.9161625 0.38405468730650155 0.8989796880952381 0.3860390625386997 0.8885640630952382 0.38348749969040247 0.8760671880952381 0.3792374996904025 0.8791921880952381 0.3778203126934984 0.895854688095238 0.3749874996904025 0.909914063095238 0.3707359374613003 0.9286609369047619 0.37328593746130034 0.9354296869047619
