1 0.20530781238390092 0.40408125 0.21257968730650154 0.40009843690476193 0.215225 0.38549375 0.21324062476780184 0.3655796869047619 0.2086140625386997 0.3549578119047619 0.20266406253869967 0.36292343690476186 0.1967140625386997 0.37354531190476187 0.19605312507739936 0.39213125 0.19935937523219815 0.40009843690476193 0.20530781238390092 0.40408125
1 0.2111529238390093 0.4042593583333333 0.2137982359133127 0.4215171714285715 0.21578104891640867 0.4321390464285714 0.22239198637770896 0.4321390464285714 0.22767948606811145 0.4162077964285714 0.22767948606811145 0.3909827964285714 0.22106854860681116 0.3923093583333333 0.2111529238390093 0.4042593583333333
1 0.29389062476780187 0.627121875 0.2998406247678019 0.6297781250000001 0.3057890625386997 0.627121875 0.30843437523219813 0.6151734380952381 0.3071109374613003 0.6058796869047619 0.3024843752321981 0.5979140630952381 0.2998406247678019 0.5859656249999999 0.2985171876160991 0.572689063095238 0.29322968730650156 0.5846375 0.29058437523219816 0.600570311904762 0.28727968730650155 0.620484375 0.29389062476780187 0.627121875
1 0.774557812383901 0.4574265630952381 0.7740109374613002 0.438775 0.7729187498452013 0.42012187500000003 0.7680015622291022 0.40146875 0.7570749999999999 0.398178125 0.7527046873065015 0.419025 0.7494265622291022 0.43109375 0.7554359374613003 0.4530375 0.7619921876160991 0.4552328119047619 0.7669093752321982 0.4541359369047619 0.7701859374613003 0.4662046869047619 0.774557812383901 0.4574265630952381
1 0.8111609374613004 0.412440625 0.8046062501547988 0.3894 0.79805 0.37733125 0.7914937498452013 0.3828171880952381 0.7860296873065015 0.40146875 0.7772890625386998 0.42121875000000003 0.7843906247678019 0.438775 0.7898546873065017 0.45194062500000004 0.8002343752321981 0.45084375 0.8073375003095976 0.4354828130952381 0.8111609374613004 0.412440625
1 0.7724812501547987 0.5460515619047619 0.7732265622291021 0.55654375 0.7754656247678019 0.57303125 0.7799437498452012 0.57153125 0.7851687498452012 0.5662859369047619 0.7892734377708979 0.55654375 0.7948703126934985 0.551298438095238 0.7963625003095975 0.5438031249999999 0.7922578123839009 0.536309375 0.7870343752321981 0.536309375 0.7829296873065015 0.5355609380952381 0.7743468749226006 0.5235703119047619 0.7717343752321982 0.5303140630952381 0.7724812501547987 0.5460515619047619
1 0.7187468749226006 0.568534375 0.7194937498452013 0.583521875 0.721732812383901 0.5940140619047619 0.7258374996904025 0.58876875 0.7277031250773994 0.579775 0.7291953126934984 0.5700328130952381 0.7243437498452012 0.561789063095238 0.7187468749226006 0.568534375
1 0.4608447213622291 0.40615210714285715 0.4594179578947369 0.4304070928571429 0.4584667814241486 0.4494306107142857 0.46892971640866876 0.46655177738095244 0.4817705913312693 0.4598935452380953 0.4870020588235294 0.4337362083333333 0.485099706501548 0.41518827857142854 0.4827217671826625 0.40472534404761906 0.47749029969040246 0.3990182880952381 0.46607618885448915 0.3928356452380952 0.4608447213622291 0.40615210714285715
2 0.47844147554179567 0.3876041773809524 0.47986823962848296 0.3999694642857143 0.48224617894736843 0.4104323988095238 0.489855586377709 0.4189929821428572 0.5045988123839009 0.4175662178571429 0.509830279876161 0.4056765190476191 0.5079279281733746 0.39331123333333334 0.5041232247678018 0.38142153452380956 0.4993673455108359 0.37523889047619047 0.4836729430340557 0.37143418690476193 0.47844147554179567 0.3876041773809524
1 0.6526695758513932 0.5933359785714286 0.6526695758513932 0.5973228202380952 0.6540766965944272 0.6013096630952381 0.6561873783281734 0.6067036261904762 0.6606432613003096 0.6120975904761905 0.6634575027863776 0.6088143083333334 0.6632229826625388 0.6008406226190476 0.6643955832817338 0.5853622928571428 0.6648646235294118 0.5780921678571429 0.6561873783281734 0.5776231285714285 0.6543112167182662 0.5823135309523809 0.6526695758513932 0.5933359785714286
