0 0.2607834773993808 0.5144330714285714 0.24880636594427244 0.540489930952381 0.2482856309597523 0.5639411035714286 0.2482856309597523 0.5806174773809524 0.24620264953560372 0.5978150202380953 0.23943303095975232 0.6176182285714286 0.23682927492260064 0.6311677869047618 0.23630853931888543 0.6389848452380952 0.24099521671826624 0.645759644047619 0.2602627424148607 0.6426328285714286 0.2758850408668731 0.6134491357142857 0.2941110557275542 0.5894768130952381 0.2998392241486068 0.5597719904761904 0.303515613003096 0.5424479166666667 0.282654679876161 0.5274615011904762 0.2607834773993808 0.5144330714285714
0 0.6961248953560372 0.5472647095238096 0.6966455907120743 0.5728004202380953 0.7101849479876161 0.5993784273809524 0.7294524334365324 0.6296044000000001 0.7461162024767802 0.645759644047619 0.7643422173374613 0.6358580297619049 0.7606970303405572 0.6098011714285714 0.7518444105263158 0.5748849761904762 0.7481992235294118 0.5462224321428572 0.7466369777089784 0.5248558154761905 0.7319010297213622 0.510546875 0.7216412842105263 0.5222501297619048 0.6961248953560372 0.5472647095238096
2 0.32535565263157895 0.6890968226190476 0.3269178588235294 0.6974350297619047 0.33108382105263157 0.7010829738095239 0.34045717647058826 0.7005618845238095 0.357641720743034 0.6917025083333334 0.35555873931888543 0.6765895428571428 0.3456646092879257 0.6844066 0.3456646092879257 0.685970007142857 0.34097795108359136 0.6854488583333334 0.3357705182662539 0.6776318011904763 0.3352497436532507 0.6729415785714286 0.33681198947368424 0.6698147428571428 0.329000840247678 0.6786740797619047 0.32535565263157895 0.6890968226190476
2 0.5252960216718267 0.7593299630952381 0.5252960216718267 0.7651025809523809 0.5276994520123839 0.7699130785714285 0.533467707120743 0.7742424964285715 0.5363518167182663 0.7708751630952381 0.5329869919504644 0.7646215023809524 0.528365373374613 0.7543269238095238 0.5252960216718267 0.7593299630952381
2 0.29360533188854493 0.7430507119047619 0.2912019015479876 0.7449749178571428 0.29360533188854493 0.7560390940476192 0.29504736842105267 0.7622927 0.296970120123839 0.7666221547619048 0.30081562352941177 0.769989505952381 0.3046610904024768 0.7608495916666667 0.3102163349845201 0.7513221154761905 0.30273837523219815 0.7473801666666667 0.29360533188854493 0.7430507119047619
2 0.6872872253869969 0.7372781119047619 0.6882486563467493 0.750747519047619 0.6925748018575851 0.7642169059523809 0.6993043783281734 0.768065336904762 0.7127636037151702 0.7598874511904763 0.7180511801857585 0.7589253488095238 0.720935253250774 0.7387212761904762 0.7223773256965944 0.7238087238095238 0.7190125380804954 0.7175550821428571 0.7113215306501549 0.7137066880952381 0.7032451814241486 0.7116586547619048 0.6877679405572755 0.7214034761904762 0.6872872253869969 0.7372781119047619
1 0.5955400383900928 0.5002073821428571 0.5967117226006192 0.5037250630952381 0.5971023040247677 0.5119329678571428 0.599445613003096 0.5150597880952381 0.601398400619195 0.5103695654761905 0.6025700848297213 0.5045067726190476 0.6021795628482972 0.5002073821428571 0.5987304600619195 0.49521484404761906 0.5955400383900928 0.5002073821428571
1 0.5806989027863777 0.506461036904762 0.5838233145510836 0.5127147071428572 0.5881194705882353 0.5170140523809524 0.5912439424148607 0.5068519130952381 0.5916344637770897 0.5045067726190476 0.5916344637770897 0.4990348261904762 0.588900573374613 0.49551714404761904 0.5881194705882353 0.4939537416666666 0.5870117095975232 0.4922851571428572 0.5810894241486069 0.5002073821428571 0.5806989027863777 0.506461036904762
1 0.3280082061919505 0.48144644642857143 0.33035154489164087 0.49160861547619045 0.33191378080495354 0.4966897142857143 0.3366004582043344 0.5013799369047619 0.3397249300309597 0.4923903238095238 0.3408965845201239 0.4779287642857143 0.33847655356037154 0.4747070321428572 0.33035154489164087 0.47558365357142857 0.3280082061919505 0.48144644642857143
1 0.3408965845201239 0.5017707988095238 0.34206826873065016 0.5099787035714286 0.35026996965944274 0.5021616464285714 0.3522227566563467 0.5013799369047619 0.3526133083591331 0.49160861547619045 0.35183220557275546 0.48574582261904764 0.35026996965944274 0.48418241904761905 0.34363050464396283 0.49043605952380953 0.3408965845201239 0.5017707988095238
2 0.3615427820433436 0.7093294666666667 0.3580550222910217 0.7096203285714286 0.35253271640866873 0.7040938464285715 0.35195141981424144 0.7038029845238096 0.3487543027863777 0.7067116571428571 0.349335599380805 0.708456855952381 0.3551485479876161 0.7119472535714286 0.3580550222910217 0.7128198642857143 0.3638679702786378 0.7116563916666667 0.36561185015479875 0.7081659928571428 0.36851832445820437 0.700312575 0.367441853869969 0.6981104654761905 0.3638679702786378 0.707002519047619 0.3615427820433436 0.7093294666666667
2 0.2688437857585139 0.6584026511904761 0.26022458637770896 0.677810519047619 0.25936266315789475 0.6937681023809524 0.26237938637770897 0.7032563964285714 0.26668898575851396 0.7092943892857142 0.2735843386996904 0.7110195392857143 0.28737506068111457 0.7084318142857142 0.2925465665634675 0.7006686702380952 0.295563306501548 0.6907491297619048 0.293408506501548 0.6868675166666667 0.2895298600619195 0.6972184190476189 0.28306546068111454 0.6980809619047619 0.2778939380804954 0.6950619892857143 0.27617009164086687 0.6877300916666667 0.2766010613003096 0.6812608035714286 0.2778939380804954 0.6752228095238094 0.2735843386996904 0.6640093654761905 0.2688437857585139 0.6584026511904761
2 0.6019758637770898 0.3817427654761905 0.5963733708978328 0.37570476428571425 0.5916327851393188 0.3748421976190476 0.586030292260062 0.3856243369047619 0.5825826656346749 0.3916623476190476 0.5825826656346749 0.3925249226190476 0.5912018643962849 0.3938187773809524 0.5942185715170278 0.3989942119047619 0.5950804780185759 0.4024444952380953 0.5998210637770898 0.4041696464285714 0.6028377702786377 0.3882120630952381 0.6019758637770898 0.3817427654761905
