0 0.3102428780185758 0.5239041630952381 0.28465206996904024 0.5393893726190476 0.2656077622291022 0.562021611904762 0.2608466625386997 0.5923964773809524 0.27155911393188853 0.6019258345238095 0.29834019690402475 0.6132419642857143 0.3167894012383901 0.6168154678571429 0.32869210464396287 0.5983523309523809 0.32333587925696594 0.575124494047619 0.3245261312693498 0.5602348595238096 0.3238095102167183 0.5507440476190476 0.32333587925696594 0.5328379428571428 0.3102428780185758 0.5239041630952381
0 0.6935099442724458 0.543558475 0.6911294396284829 0.5655951369047619 0.6935099442724458 0.5894185511904761 0.6911294396284829 0.6090728630952381 0.6905342681114551 0.6221757452380952 0.7024369721362229 0.6293227511904762 0.721481279876161 0.6114551904761905 0.7375500024767803 0.5929920535714286 0.7524283820433437 0.5804847702380953 0.7661164185758513 0.5649995380952381 0.7661164185758513 0.5542790071428572 0.7661164185758513 0.5429628761904762 0.7429061826625386 0.5340290952380952 0.7363596594427244 0.5340290952380952 0.7292180551083591 0.5316467678571428 0.7048175671826625 0.533433519047619 0.6935099442724458 0.543558475
2 0.6453039015479877 0.7079345273809523 0.6388395021671827 0.7057780976190476 0.6366847021671826 0.7027590761904762 0.6401323622291022 0.7126786666666667 0.6431491015479877 0.7144038166666666 0.6504754074303406 0.7109535154761905 0.647889654489164 0.7036216678571429 0.6423491281733745 0.6951508619047619 0.6474587009287925 0.7044842273809524 0.6453039015479877 0.7079345273809523
1 0.3755229566563467 0.45254471071428576 0.37638486377708974 0.46332685952380953 0.38026354303405574 0.4663458642857143 0.3824183263157895 0.46073915000000004 0.3772629213622291 0.43922413809523814 0.3755229566563467 0.44521284642857145 0.3755229566563467 0.45254471071428576
1 0.6621113461300309 0.459014 0.661680359752322 0.4706587238095238 0.6642661461300309 0.48402858095238094 0.668575745510836 0.4766967166666667 0.669437652631579 0.46807099761904764 0.669437652631579 0.46073915000000004 0.665989959752322 0.45340728571428573 0.6612068866873065 0.4516163797619048 0.6621113461300309 0.459014
1 0.375091986996904 0.5958001666666667 0.36992046439628484 0.5975253178571429 0.36690375789473684 0.6091700404761905 0.372937186996904 0.6091700404761905 0.37638486377708974 0.6061510357142857 0.379401586377709 0.6018381761904762 0.38026354303405574 0.5932124583333334 0.375091986996904 0.5958001666666667
1 0.3544059120743034 0.5927811785714285 0.3531130359133127 0.5983878928571429 0.35785358885448915 0.6035633273809524 0.3625941578947368 0.5975253178571429 0.3654094730650155 0.5868534488095238 0.35785358885448915 0.5897621738095238 0.3544059120743034 0.5927811785714285
1 0.6547850074303406 0.6005443226190476 0.658663653250774 0.5966627416666667 0.6590946396284829 0.586743169047619 0.6525861969040248 0.5895474142857143 0.6547850074303406 0.6005443226190476
1 0.6853831578947369 0.5768235952380952 0.6858141442724458 0.5660414476190476 0.6854525764705882 0.5577586214285715 0.6815045442724458 0.5669040226190476 0.6853831578947369 0.5768235952380952
2 0.6147057176470588 0.33775411904761904 0.6082413182662538 0.35284912738095237 0.6078103653250774 0.3765698535714285 0.6078103653250774 0.39252743690476194 0.6125509182662539 0.4080537238095238 0.6168605176470588 0.4140917333333334 0.6241868569659442 0.4132291583333333 0.6306512563467492 0.401153155952381 0.6362537157894737 0.3890771523809524 0.6375466086687306 0.3748447119047619 0.6401323622291022 0.3623374130952381 0.6348060247678019 0.34655172500000003 0.6289274099071207 0.3360289773809524 0.6147057176470588 0.33775411904761904
2 0.48886542291021673 0.37182572380952383 0.48843446934984525 0.3623374130952381 0.48067717708978325 0.3593184166666667 0.4755056705882353 0.3636312761904762 0.4724889312693498 0.3701005642857143 0.47119607120743034 0.37527599166666664 0.47119607120743034 0.3817452880952381 0.4764008520123839 0.3912715523809524 0.48757253003095974 0.38390171785714283 0.48886542291021673 0.37182572380952383
1 0.4548195795665635 0.6424475833333334 0.4569743795665635 0.645466588095238 0.46171493250773993 0.6497794476190477 0.4630078253869969 0.6497794476190477 0.4634698179566563 0.6364224142857143 0.4569743795665635 0.6364095904761905 0.4548195795665635 0.6424475833333334
