1 0.36694218761609904 0.4905359369047619 0.3623140625386997 0.48243437499999997 0.35636562476780187 0.478384375 0.35173749969040247 0.48783593690476196 0.35107656222910216 0.5134875 0.35438125015479877 0.5161875 0.3616531250773994 0.5148375000000001 0.36429687492260066 0.5094375 0.3656203126934985 0.4999859369047619 0.36694218761609904 0.4905359369047619
1 0.37751874984520123 0.5040375 0.3761968749226006 0.5107875000000001 0.38148593746130033 0.524289063095238 0.3828078123839009 0.5148375000000001 0.3828078123839009 0.4999859369047619 0.37751874984520123 0.5040375
1 0.39007968730650155 0.5026875 0.3841296873065016 0.5013359369047619 0.3894171876160991 0.5215890630952381 0.39206249969040247 0.5107875000000001 0.39007968730650155 0.5026875
1 0.544767187616099 0.5296890619047618 0.5441062501547987 0.536440625 0.5474109374613003 0.544540625 0.5493937498452012 0.539140625 0.5460890625386997 0.5161875 0.544767187616099 0.5296890619047618
1 0.6373156247678019 0.5067375 0.639959375232198 0.5188890619047619 0.6439265622291022 0.5202390619047619 0.647892187616099 0.5175375 0.6472312501547988 0.5040375 0.6472312501547988 0.4972859369047619 0.6426031250773995 0.4864859380952381 0.6373156247678019 0.5067375
1 0.6611140625386998 0.5040375 0.6604531250773994 0.5188890619047619 0.6657406247678018 0.5215890630952381 0.669707812383901 0.5215890630952381 0.669707812383901 0.5026875 0.6657406247678018 0.483784375 0.661775 0.4932359369047619 0.6611140625386998 0.5040375
1 0.6888781250773994 0.5917953130952381 0.6895390625386997 0.57964375 0.6822671876160991 0.5823437499999999 0.6849109374613003 0.5917953130952381 0.6888781250773994 0.5917953130952381
1 0.716642187616099 0.5634421880952382 0.7153203126934985 0.57694375 0.7173031250773995 0.5823437499999999 0.7212703126934984 0.5836953119047619 0.716642187616099 0.5634421880952382
1 0.6326875003095975 0.6106968749999999 0.6287218749226006 0.603946875 0.6280609374613003 0.6174484369047619 0.6333484377708978 0.6214984380952381 0.6326875003095975 0.6106968749999999
1 0.34584062476780186 0.474753125 0.34365937523219814 0.486634375 0.34293281238390094 0.5 0.34875 0.507425 0.34584062476780186 0.474753125
2 0.4999047126934984 0.3499163142857143 0.49858917027863775 0.33675074404761907 0.49201136037151705 0.3308262392857143 0.47951351207430337 0.3295096892857143 0.47425129411764705 0.3321428011904762 0.4703045678018576 0.3413587238095238 0.465700120743034 0.3643984726190476 0.465700120743034 0.3703229511904762 0.465700120743034 0.37888056785714286 0.4663578922600619 0.3848050845238095 0.46898902600619197 0.3848050845238095 0.4775401987616099 0.38085542380952386 0.48017128297213624 0.37953886071428566 0.48609132198142413 0.3801971297619048 0.49523024829721357 0.3800986845238095 0.4999047126934984 0.37427265 0.4999047126934984 0.3499163142857143
1 0.763674879876161 0.5763641285714286 0.7676216055727554 0.5829469142857143 0.7709105108359133 0.5862383321428571 0.7741994154798761 0.5809720833333333 0.7741994154798761 0.569781344047619 0.7741994154798761 0.5645151202380952 0.7689371473684211 0.5625403404761905 0.7649905219814241 0.5658317321428571 0.763674879876161 0.5763641285714286
