0 0.6380953343178817 0.3159871706613581 0.6881183382424751 0.2955241250813607 0.7412678355639173 0.4254460276929205 0.6912449238076306 0.44590891095175444
0 0.22654212320605893 0.561114840824735 0.28423782439449496 0.5444153518601081 0.32225443295521927 0.675746166814913 0.26455882347931947 0.6924454411500179
2 0.42534640132362256 0.6905002570227318 0.44674977160809703 0.694153933957323 0.4401113223467519 0.7330362664231166 0.4187079559394533 0.7293826051032387
0 0.7373693639177645 0.7068058933042637 0.6680785242393767 0.6979881005250251 0.6875560146763746 0.5449609443250482 0.7568448623801487 0.5537786096464983
2 0.594486355983463 0.6904481445227464 0.6118229048503281 0.6844503470750456 0.6215576028504302 0.7125841953805999 0.6042210632494971 0.7185819737483333
2 0.6115772490408062 0.6733531892774198 0.6279081752774118 0.6689268822100357 0.6357084652183858 0.6977020970435487 0.619377544344502 0.7021283903165211
2 0.375600262553462 0.6712604127112446 0.3928637123150338 0.6739148818686457 0.3861897182805478 0.7173131762666025 0.36892627130077926 0.7146587194428222
2 0.36046740710878566 0.6985250035853546 0.344658539313059 0.6925733163452538 0.36088582245724865 0.6494766928013546 0.37669455468801516 0.6554283516512462
2 0.3342315421875 0.6615284015625 0.3464837515625 0.6615284015625 0.3464837515625 0.6815400703125001 0.3342315421875 0.6815400703125001
2 0.6700015330573024 0.6762994507826505 0.6510850795679062 0.6835182172430669 0.6401495515588067 0.6548659362595587 0.6590658993000034 0.6476471922491812
2 0.6675809716018648 0.6236696077056174 0.6736049282924341 0.6229489743668594 0.6781845939666482 0.6612268119924481 0.6721606377629996 0.6619474426093924
2 0.3668975019311347 0.3646689299607983 0.36250373583743567 0.39277669441218555 0.34048298030063506 0.38933455973022946 0.3448767754346136 0.3612268311855934
