1 0.7777780499468463 0.3778240526175892 0.808944547826286 0.38401503300298784 0.7937320776277375 0.460593325419781 0.7625655889047493 0.4544023760484104
2 0.7761179215739276 0.33462682494680257 0.7588453125000569 0.33582968749999653 0.7563235613222332 0.2996189974634978 0.7735961105497609 0.2984161369898169
1 0.7641813306329368 0.47221562223272057 0.7447562105226098 0.4728822819679573 0.7423804964591909 0.403660241696718 0.7618054404393888 0.40299358494989496
1 0.47238855479963604 0.4679381436051776 0.45808245552973403 0.46804082908926575 0.4575444917710456 0.3930871031123412 0.4718504478361183 0.3929844181483974
1 0.2255760096453514 0.44611725493857235 0.21080574695690757 0.4453175126825976 0.21294700676344291 0.4057740760957659 0.2277171940287417 0.40657381631072165
2 0.3034911300500198 0.7847157340104342 0.27687915133230945 0.7779685526813177 0.2905931447352259 0.7238885833545915 0.3172047973072267 0.7306357212519966
2 0.2617546376915243 0.7066093543447564 0.2838105710674199 0.7157557871679059 0.2631226490445897 0.7656349140087846 0.2410667471162924 0.7564885367856774
1 0.793790300151386 0.548656925916004 0.774740726879827 0.5754859803733484 0.7453747335827074 0.5546369690567856 0.7644242814733389 0.5278079964500054
2 0.8118822084300064 0.6470704885061613 0.8303300734547747 0.6534699176633118 0.822250752022569 0.6767573624527645 0.8038028947255498 0.670357949202554
2 0.7401803180716797 0.3237844514301565 0.7230883085603637 0.3215055814239381 0.726965248017791 0.29242875015752384 0.7440572115124269 0.2947076170730167
