1 0.40679062476780187 0.4737828119047619 0.396875 0.4845390619047619 0.390925 0.50739375 0.39224687492260063 0.5329390630952381 0.39290781238390093 0.5463828130952381 0.4034859374613003 0.5571390630952381 0.4120796873065015 0.541004688095238 0.41802812507739934 0.5221828119047619 0.41935000000000006 0.50605 0.4134015622291021 0.48050624999999997 0.40679062476780187 0.4737828119047619
1 0.5375906247678018 0.5397203119047619 0.5312687498452012 0.5351296880952381 0.5339781250773994 0.5544125 0.5380421876160991 0.56635 0.5398484377708979 0.5516578119047619 0.5375906247678018 0.5397203119047619
1 0.6886531250773993 0.521003125 0.692757812383901 0.52935 0.6976078123839009 0.527832811904762 0.7009671876160991 0.5240390630952381 0.702459375232198 0.5111375 0.7005937498452013 0.4982359369047619 0.6961156247678019 0.48533437500000004 0.6912656247678018 0.4883703130952381 0.6890265622291022 0.5050656250000001 0.6886531250773993 0.521003125
1 0.7319390625386997 0.4989953130952381 0.731192187616099 0.4785046880952381 0.7278343752321982 0.4587734369047619 0.7241015622291022 0.4686390619047619 0.7192515622291021 0.48685312499999994 0.7207437498452013 0.5081015630952381 0.7244750000000001 0.519484375 0.7308187498452012 0.515690625 0.7319390625386997 0.4989953130952381
1 0.6811906247678019 0.5149312500000001 0.685667187616099 0.5232796869047619 0.6864140625386996 0.5081015630952381 0.684175 0.49595937500000004 0.6819359374613002 0.5005125 0.6811906247678019 0.5149312500000001
1 0.7524625003095975 0.6211765619047619 0.7576859374613003 0.639390625 0.7614171876160991 0.650015625 0.7640296873065014 0.6462203130952381 0.7655218749226006 0.6348375 0.7640296873065014 0.614346875 0.7595515622291021 0.60448125 0.7535812501547988 0.5999281249999999 0.7524625003095975 0.6211765619047619
1 0.6338 0.662157811904762 0.6401437498452012 0.6689875 0.6449937498452012 0.662917186904762 0.6427546873065015 0.641667186904762 0.6405171876160991 0.628765625 0.6349187498452012 0.6355968750000001 0.6311874996904024 0.6484968750000001 0.6338 0.662157811904762
1 0.36139999999999994 0.673540625 0.3640109374613003 0.66519375 0.3636390625386997 0.6462203130952381 0.3640109374613003 0.62573125 0.3584140625386997 0.62041875 0.3531906247678019 0.6280078130952381 0.35356406253869965 0.6439437499999999 0.3539359374613003 0.662917186904762 0.35804062476780185 0.675059375 0.36139999999999994 0.673540625
2 0.2774406247678019 0.789653125 0.2815453126934984 0.7759921869047619 0.2830375003095975 0.7653671869047619 0.28191874984520127 0.7539843749999999 0.275575 0.7555015630952381 0.2718437498452012 0.7623328119047619 0.26699218761609905 0.7691625 0.26064843777089786 0.7729562499999999 0.2569171876160991 0.7782687500000001 0.25766406253869967 0.7881343749999999 0.2643796873065015 0.8002765630952381 0.26885781238390094 0.804071875 0.2774406247678019 0.789653125
1 0.6917791993808049 0.6313505952380953 0.6917791993808049 0.6332171154761905 0.6913125690402476 0.6402165678571429 0.6913125690402476 0.6462827595238095 0.6929457746130031 0.6490825404761905 0.6950456105263159 0.650482430952381 0.698078706501548 0.6525822666666666 0.7032116377708979 0.644882869047619 0.7034449529411765 0.6444162392857143 0.7015784321981424 0.6367168416666666 0.7006451721362229 0.6332171154761905 0.6990119665634675 0.6297173892857143 0.698078706501548 0.6287841285714286 0.6952789256965944 0.630184019047619 0.6917791993808049 0.6313505952380953
