1 0.4150861260569627 0.5580894690876603 0.3869598240870573 0.5557850732981419 0.3937664916556969 0.47271573461237537 0.42189242902816204 0.475020115433038
1 0.5312687500000948 0.5351296874999927 0.5374049885288059 0.5342675804652298 0.5418378694026842 0.5658167293868367 0.5357016313555505 0.5666788341200306
1 0.689492526426875 0.485179198977851 0.7030601630788169 0.48549708219167004 0.7020275422313489 0.5295671845755066 0.6884599056168099 0.5292493024464915
1 0.7326750244079676 0.5191855094785608 0.7204462811826033 0.5196312093322513 0.7182408433550336 0.45912309361995535 0.730469475741188 0.45867739579561395
1 0.6856671925089586 0.5232796877464556 0.6807916215810792 0.5230397930743121 0.6821291403261966 0.495858711533018 0.6870046907359892 0.49609860570013764
1 0.7665997530599498 0.6496382604285498 0.7545987700952992 0.6505121028375146 0.7509292179205431 0.6001212316002384 0.7629300856514192 0.5992473934096467
1 0.6455731291209759 0.6684154927870443 0.6334211542094863 0.6696957527669295 0.6292337481754657 0.6299543858343535 0.6413856277468994 0.6286741309217433
1 0.3640109864493297 0.675059375 0.35319057086121575 0.675059375 0.35319063373208337 0.62041875 0.36401093222832515 0.62041875
2 0.26885783385989726 0.8040718877121557 0.24869915043154833 0.7920746165081459 0.27413133885818297 0.74934974351252 0.29428983737989256 0.7613469438799402
1 0.705016911011171 0.6509004887131903 0.6931304836203935 0.6537816858014135 0.6876814632790911 0.6313043611611929 0.6995678393651588 0.6284231705591097
2 0.36384954454672425 0.8338228559655589 0.37205152223418736 0.839206804690033 0.3567920691125437 0.8624481554693093 0.3485901068677322 0.8570642260880053
2 0.29853327314083344 0.8177597892715113 0.28578289748202224 0.8224709541606894 0.27781987427840704 0.8009239311706233 0.29057018437492843 0.7962127796875117
2 0.3117005191303406 0.8193562251699782 0.3261697037735303 0.8220351377835166 0.32212984369743936 0.8438504174952072 0.30766066109879375 0.84117151240646
