0 0.28175141688723215 0.6737111636084906 0.23584388758899877 0.6645308342735866 0.2662261609385723 0.5126206897585708 0.31213245468029527 0.5218008925357069
0 0.7871957310934476 0.6523799139207606 0.7347845091485397 0.6789989557630397 0.6794839805533002 0.570127236867584 0.7318942083547881 0.5435084989710172
0 0.3041688591979437 0.4355417743606499 0.2728219264826066 0.43380000416317144 0.2810075891638917 0.2864931657082915 0.3123540097000159 0.2882349215530418
0 0.6793498942630549 0.31793624590330055 0.7190247091274387 0.31333690406742176 0.7354307549435362 0.45485280091347785 0.6957559474333266 0.45945210425257665
2 0.608870436936968 0.8214919831756491 0.5805828473669408 0.8328048201437377 0.5612536421313052 0.7844815626589471 0.5895409111984691 0.7731687976866614
2 0.34492539583720827 0.7299772530309261 0.36613039542544357 0.7225597939761071 0.37954638700546184 0.7609069878374133 0.3583414043630455 0.7683244126078985
2 0.3359222770756105 0.7763405490710954 0.3204520625033638 0.7705874608871544 0.33915009425732023 0.7203168904423669 0.3546201381799392 0.7260699435466079
2 0.2993171921281146 0.727223583618905 0.28454646495470115 0.7258460366306617 0.28728532660124984 0.6964836578404262 0.3020559598573982 0.6978612004186084
2 0.3755078125 0.725703125 0.3986328125 0.725703125 0.3986328125 0.763515634375 0.3755078125 0.763515634375
2 0.7192590381732771 0.7369425609050565 0.7007843087321817 0.7484495823077538 0.683609761257344 0.7208799189903454 0.7020843892394169 0.7093729391875297
