0 0.3108895163704801 0.6453922774337569 0.2503942037417346 0.6441450856012559 0.25237211454486896 0.548242412170933 0.3128663720814302 0.5494895931209366
0 0.700482238357722 0.5484891736266863 0.7657416998729332 0.5559771750544817 0.755181775256915 0.647999357097415 0.6899223237426213 0.6405114187067118
2 0.3339453125 0.721796875 0.3478515625 0.721796875 0.3478515625 0.7444531296875 0.3339453125 0.7444531296875
2 0.3444140502266464 0.7657031358573015 0.3444140986706543 0.7375781118826742 0.363945316255581 0.7375781493187039 0.3639453306885798 0.7657031105649035
2 0.4269528574425294 0.8199600920259914 0.40994991731815844 0.8154696174368584 0.4251782426229056 0.7578201938035954 0.4421809480367074 0.7623106354779854
2 0.3935619674459758 0.7775417504311403 0.37934540264177485 0.7756000319320723 0.3860960977870036 0.7261832928696703 0.40031249999992724 0.7281249999999932
2 0.31063098107108544 0.7023867181876895 0.3218553730293934 0.7027374264219433 0.32121116723612886 0.7233520134054867 0.3099867753152239 0.7230013059572649
2 0.31099152855858847 0.7157237301731777 0.30324824336162237 0.7184842069016719 0.2943270677650389 0.6934635937888555 0.30207031249995 0.690703125000019
2 0.6968214355551936 0.7297641013663537 0.6899713140032873 0.7330960734042732 0.6749046138146468 0.702125638450716 0.6817546917559412 0.6987936790150834
2 0.6734660225016569 0.7287705024462287 0.6618676624794944 0.7840480491563111 0.6210099416961157 0.775476555140928 0.632608493458747 0.7201992738984428
