0 0.733605102690376 0.2949464646755003 0.7889267368655055 0.29679044703847 0.7842189842814378 0.4380233232148573 0.7288973507608034 0.43617935525819773
0 0.17046842968750298 0.5496015343749984 0.2617085428032624 0.5445331968009809 0.2689538316761855 0.6749484894875211 0.17771372402523866 0.6800167647324825
1 0.42540925087041614 0.6267792692143987 0.439741199876039 0.6295656708943715 0.429146397476984 0.6840533864028423 0.4148144528572857 0.6812670001449745
2 0.5874747145015817 0.7352040848139976 0.555705335643097 0.7329351932416089 0.5587969896098457 0.689654756450087 0.5905660695419783 0.6919236372843579
2 0.6602476043714205 0.743020259577481 0.6867631932137783 0.7351234289520157 0.6985366735134448 0.7746490280590305 0.672021100639995 0.782545821029347
2 0.7246492154655471 0.7388668595335083 0.6983543670677363 0.7491471995794023 0.6820983685219062 0.707574293040493 0.7083929847026411 0.6972940038231864
2 0.3428465590693577 0.734142156238172 0.3553449401117632 0.733517343190406 0.3563588477011308 0.7537955329524946 0.34386046677025206 0.754420344560293
2 0.310300801155563 0.7123023227504196 0.3196554198727881 0.7281175206028947 0.2987057533149482 0.7405071040360539 0.2893511835420668 0.7246919487062781
2 0.28048337124891987 0.697609861728003 0.281948637345522 0.7096803085721698 0.26416305840200494 0.7118389942719672 0.26269781782491464 0.6997685706342317
2 0.701147657933916 0.4083193436661321 0.6845808515091676 0.40978105112927626 0.6820491111828915 0.38108761279875647 0.6986158611641713 0.3796259078222552
