1 0.27219192866721187 0.5133386546885178 0.29697090605031917 0.5049022088531073 0.3184643618131986 0.5680259355356987 0.29368540694088097 0.5764623348357857
1 0.7398755692181567 0.5478927302521345 0.7127664834268899 0.5365862449147193 0.7351117987212774 0.48301459040857603 0.7622206648701422 0.4943210235339918
0 0.7870442607120367 0.6086782500755912 0.7379809395160919 0.6187840627335573 0.7099772001495239 0.48283693143167034 0.7590394281257886 0.4727312346427048
2 0.34113280886481334 0.6850781054768552 0.3457385168385372 0.6910238294488109 0.3252565153879914 0.706887333102811 0.3206508252022786 0.7009416254498675
2 0.3747810455442959 0.7402253604350761 0.3615617339924029 0.736031455517028 0.3716425303947517 0.7042617921909943 0.3848617513831414 0.7084556815837982
2 0.7755247800820371 0.6037734389681342 0.7647117441339333 0.6276735517769796 0.7238235688067789 0.6091766505913785 0.734636631250055 0.5852766374999581
2 0.7742195812380714 0.5753897972255658 0.7878238618999376 0.5789252672549053 0.7804515622210602 0.6072904392817399 0.7668472850861008 0.6037549785977829
2 0.7376023997451284 0.6743184836867939 0.7427485161930463 0.6786435770204585 0.7325962203872223 0.6907213427402777 0.7274501104833462 0.6863962564991551
2 0.27564298902098017 0.6205700839386467 0.2655510952415625 0.6392160680191237 0.24418261833227461 0.6276519946413242 0.25427451553150604 0.6090060536395447
2 0.7095844093749974 0.3422310687500035 0.7168185553449575 0.34137161000175625 0.7213689409628614 0.3796711566894047 0.7141347953136119 0.38053061361367385
