1 0.2525546875 0.330534375 0.280375 0.330534375 0.280375 0.40644375000000005 0.2525546875 0.40644375000000005
1 0.33762056366481374 0.40428853535033876 0.35420908607750334 0.4023273023222527 0.35960033573110195 0.4479251726463324 0.34301181435228045 0.44988639982082046
1 0.3578049562227079 0.3719363285019058 0.382841017705573 0.3741988951428611 0.3738824483402823 0.473323346648422 0.3488463888207889 0.47106079452811683
1 0.5791360465525486 0.41504215208333933 0.5972594236118312 0.41332788037728063 0.6022100644415787 0.46566330778101744 0.5840866882473392 0.46737757340199587
2 0.6842270883570336 0.6143867789220211 0.6988002198590948 0.6356366283929014 0.6795305389946407 0.6488501018773196 0.6649574609375577 0.6276003000000105
2 0.7109373776222583 0.6528181926876312 0.7019554694754788 0.6520697940077994 0.702862947591484 0.6411802310475005 0.7118448364572032 0.6419286289188044
2 0.37342633246771584 0.2956270866307667 0.3549511952452349 0.2921463472296245 0.3608438261981064 0.2608702219017865 0.37931891525192896 0.2643509566648852
2 0.6795286179407185 0.2788491535016005 0.6688213380665502 0.2734956250893056 0.6800249621550165 0.2510884178864024 0.6907322240651865 0.25644194093507594
2 0.7432460262726863 0.633201406900177 0.7183494185060226 0.6390586612580045 0.7101328143429555 0.6041372609503872 0.7350292612493377 0.5982800262569247
2 0.2725674362748123 0.6086278107814176 0.2859492607980201 0.6074114238612388 0.2884282216152769 0.6346800159410085 0.2750463975265802 0.6358963997060827
