1 0.2798671876160991 0.5323921869047619 0.2878 0.5363578130952381 0.2897828123839009 0.5310703130952381 0.29044374984520127 0.5244593750000001 0.2825109374613003 0.50859375 0.2752390625386997 0.4993390630952381 0.26730625015479875 0.4966953130952381 0.26135781238390093 0.4847953130952381 0.2521031250773994 0.4834734369047619 0.2514421876160991 0.4980171869047619 0.2633406247678019 0.5178484369047619 0.27325625015479876 0.521815625 0.2798671876160991 0.5323921869047619
1 0.33168125015479877 0.496246875 0.3218468749226006 0.4940609380952381 0.3136515622291022 0.49843125 0.3054578123839009 0.521378125 0.3043640625386997 0.534489061904762 0.3103734377708978 0.54323125 0.3152906247678019 0.5497859369047619 0.3218468749226006 0.547601561904762 0.3273109374613003 0.5410453130952381 0.33495937523219815 0.54323125 0.3420609374613003 0.546509375 0.3497093752321981 0.539953125 0.3502562501547988 0.521378125 0.34752500000000003 0.49843125 0.3426078123839009 0.483134375 0.33932968730650154 0.4853203119047619 0.33605156222910215 0.49843125 0.33168125015479877 0.496246875
1 0.3573593752321982 0.53558125 0.36828593746130034 0.536675 0.3710171876160991 0.5279328130952381 0.3764796873065015 0.5181 0.3781187498452013 0.5060796880952381 0.37538749969040247 0.489690625 0.36937812507739937 0.4787640619047619 0.3628218749226006 0.470021875 0.3551734377708978 0.471115625 0.3497093752321981 0.48859687500000004 0.3497093752321981 0.5104515630952381 0.3557203126934984 0.5268406250000001 0.3573593752321982 0.53558125
1 0.6297312501547988 0.4980171869047619 0.6328921876160991 0.4971140630952381 0.6319890625386997 0.4880828119047619 0.6306343752321981 0.47815 0.6283765622291022 0.4709265619047619 0.6252156247678019 0.47273125 0.6211531250773994 0.47995625000000003 0.6261187498452012 0.4880828119047619 0.6297312501547988 0.4980171869047619
1 0.7033281250773994 0.4880828119047619 0.7055859374613003 0.47634375 0.7082953126934985 0.473634375 0.7132609374613004 0.4646046869047619 0.717325 0.455575 0.7110031250773994 0.45105937500000004 0.7028765622291021 0.4573796869047619 0.6965546873065015 0.46189531190476185 0.6920406247678018 0.4691203130952381 0.6920406247678018 0.484471875 0.6947484377708978 0.49892031309523804 0.7006187498452013 0.510659375 0.704682812383901 0.4980171869047619 0.7033281250773994 0.4880828119047619
1 0.7069406247678018 0.633470313095238 0.7110031250773994 0.631664063095238 0.7155187498452013 0.628954686904762 0.717325 0.61450625 0.7159703126934984 0.6045734380952381 0.7096484377708979 0.594640625 0.7055859374613003 0.592834375 0.7006187498452013 0.592834375 0.6961031250773994 0.594640625 0.6866218749226006 0.59554375 0.6784953126934984 0.596446875 0.6712703126934985 0.6027671880952381 0.6676578123839009 0.6163124999999999 0.6685609374613004 0.628954686904762 0.6744312501547988 0.6406953119047619 0.6843640625386997 0.6388890619047619 0.6911374996904025 0.6370828130952381 0.6983609374613003 0.6352765630952381 0.7069406247678018 0.633470313095238
1 0.62025 0.617215625 0.6134765622291022 0.62173125 0.6085109374613004 0.6443062500000001 0.6170890625386997 0.6632703119047619 0.6256671876160991 0.6605609380952381 0.6315375003095975 0.6506281249999999 0.6374078123839009 0.6461125 0.6441796873065015 0.6443062500000001 0.6491468749226006 0.641596875 0.6495984377708978 0.630760936904762 0.6351500000000001 0.6280515619047619 0.6288281250773994 0.626246875 0.62025 0.617215625
1 0.6098640625386997 0.6352765630952381 0.6080593752321981 0.622634375 0.6058015622291021 0.6235375 0.6012859374613003 0.6361796869047619 0.6017375003095975 0.648821875 0.60535 0.6587546880952381 0.6121218749226006 0.65514375 0.6098640625386997 0.6352765630952381
1 0.3619843752321982 0.6379859369047619 0.35882343777089787 0.6271500000000001 0.35430781238390097 0.631664063095238 0.3506968749226006 0.632567186904762 0.3461812501547988 0.6352765630952381 0.3425687498452012 0.6461125 0.3380546873065015 0.6596578119047619 0.33624843777089786 0.675009375 0.33128125015479876 0.691264061904762 0.3335390625386997 0.7011968749999999 0.3394093752321981 0.6993906249999999 0.3452781250773994 0.692167188095238 0.35159999999999997 0.684040625 0.3574687498452013 0.6759124999999999 0.3619843752321982 0.6641734369047618 0.36243593746130026 0.65153125 0.3619843752321982 0.6379859369047619
1 0.389075 0.6587546880952381 0.3818515622291022 0.6587546880952381 0.379142187616099 0.665979686904762 0.3777875003095975 0.676815625 0.3804968749226006 0.686748436904762 0.3832046873065016 0.6858453119047618 0.38365625015479876 0.6741062499999999 0.3877203126934985 0.665979686904762 0.389075 0.6587546880952381
1 0.41752031269349843 0.6723 0.41255312507739933 0.6650765630952381 0.41300468730650153 0.678621875 0.41345625015479875 0.689457813095238 0.4139078123839009 0.7011968749999999 0.4166171876160991 0.6993906249999999 0.4197781250773994 0.692167188095238 0.4197781250773994 0.68133125 0.41752031269349843 0.6723
1 0.579517187616099 0.5204953130952381 0.577875 0.49833125 0.5786968749226006 0.4868375 0.5766437498452013 0.4942265619047619 0.5758234377708978 0.50325625 0.5766437498452013 0.5131078119047618 0.579517187616099 0.5204953130952381
