1 0.18509218761609905 0.548728125 0.19184062476780187 0.5474234380952381 0.19787812507739938 0.5448109369047619 0.19965468730650154 0.536975 0.20178593746130033 0.526528125 0.20178593746130033 0.515428125 0.19610312507739938 0.5115109380952381 0.18686718761609905 0.504328125 0.18225 0.514121875 0.18047343777089783 0.525221875 0.18047343777089783 0.5395875 0.18509218761609905 0.548728125
1 0.30124062476780183 0.5709296880952381 0.3008859374613003 0.5781109369047619 0.30976562476780184 0.5931296880952381 0.31189687492260065 0.5944359380952381 0.3190015622291022 0.5866 0.3239734377708978 0.5755 0.32717031269349844 0.5572171880952381 0.3250390625386997 0.54938125 0.32184218761609906 0.538934375 0.31402812507739936 0.5428515630952381 0.3087 0.5539515630952381 0.30585937523219814 0.5591765619047618 0.30124062476780183 0.5709296880952381
1 0.36411093746130035 0.5696234380952381 0.36055937523219816 0.5617875 0.3570062501547988 0.5709296880952381 0.3534546873065016 0.5787640619047619 0.35274531269349846 0.590517186904762 0.3552312501547988 0.5892124999999999 0.36126874984520124 0.5839875 0.36411093746130035 0.57680625 0.36411093746130035 0.5696234380952381
1 0.38613281238390096 0.5337109369047619 0.3815156247678019 0.538934375 0.3786734377708978 0.548075 0.38044999999999995 0.5585234369047619 0.38293593746130034 0.5644 0.38613281238390096 0.5676640619047619 0.38897499999999996 0.5670109380952382 0.3871984377708978 0.5500343750000001 0.38613281238390096 0.5337109369047619
1 0.7502093752321981 0.5696234380952381 0.7548281250773995 0.559828125 0.7495 0.5506875 0.7466578123839009 0.5467703119047619 0.740975 0.5546046869047618 0.7441718749226005 0.5728875 0.7502093752321981 0.5696234380952381
1 0.7814671876160991 0.5435046880952381 0.7786249999999999 0.538934375 0.7729421876160991 0.5350171880952381 0.768325 0.5363218750000001 0.7658390625386996 0.5395875 0.7601546873065016 0.5467703119047619 0.7544718749226006 0.5474234380952381 0.7526968749226005 0.5474234380952381 0.7519859374613003 0.559828125 0.7526968749226005 0.5696234380952381 0.7534062501547988 0.5794171880952381 0.7629968749226006 0.5892124999999999 0.7704562501547988 0.5800703130952382 0.7736531250773994 0.57419375 0.7779156247678018 0.574846875 0.7821781250773994 0.5709296880952381 0.7850187498452011 0.551340625 0.7814671876160991 0.5435046880952381
1 0.6841437498452013 0.6349187500000001 0.6727765622291021 0.652548438095238 0.6688703126934984 0.6616890630952381 0.6720671876160991 0.67083125 0.6781046873065015 0.677360936904762 0.6951546873065015 0.6812781250000001 0.7068765622291021 0.6721375 0.7129140625386997 0.6564656249999999 0.7065203126934985 0.64601875 0.6997718749226006 0.634265625 0.6940890625386996 0.628389061904762 0.6841437498452013 0.6349187500000001
1 0.6113281250773994 0.7015203130952381 0.6163 0.70413125 0.6198531250773994 0.6969484380952381 0.6180765622291022 0.6825843749999999 0.6173656247678019 0.67083125 0.614525 0.6545062500000001 0.6074203126934984 0.660382813095238 0.603157812383901 0.672789061904762 0.6035140625386997 0.6812781250000001 0.6070656247678019 0.691071875 0.6113281250773994 0.7015203130952381
1 0.29429531269349846 0.6443593750000001 0.2961625003095975 0.638471875 0.29536250030959754 0.628660936904762 0.29055937523219816 0.6232640619047619 0.2854890625386997 0.622773436904762 0.28522187492260065 0.632585936904762 0.28575468730650155 0.6399437499999999 0.28655625015479874 0.6522078130952381 0.2894921876160991 0.650735936904762 0.29429531269349846 0.6443593750000001
1 0.2825531250773994 0.617378125 0.27801562476780184 0.622773436904762 0.27534843777089785 0.630623436904762 0.27481406253869967 0.635039063095238 0.27855 0.641415625 0.28201874984520126 0.642396875 0.2838874996904025 0.635039063095238 0.28468749969040247 0.627189063095238 0.2825531250773994 0.617378125
1 0.23371718761609908 0.630132813095238 0.2363859374613003 0.6237546869047619 0.2374531250773994 0.615415625 0.23531874984520124 0.6036421880952381 0.23184843777089784 0.606584375 0.2286468749226006 0.6134531249999999 0.22811249969040245 0.6237546869047619 0.22971406253869966 0.6360187500000001 0.23184843777089784 0.632585936904762 0.23371718761609908 0.630132813095238
1 0.23104843777089784 0.6006984369047619 0.22384218761609906 0.589415625 0.21930625015479877 0.584509375 0.20943281238390093 0.578621875 0.20596249969040248 0.5854906249999999 0.20115937523219815 0.590396875 0.19608906253869968 0.5948109369047619 0.19448749969040247 0.6031515619047619 0.19395468730650156 0.61394375 0.19742343777089782 0.6237546869047619 0.20222656222910215 0.627189063095238 0.2161031250773994 0.631604686904762 0.22544374984520124 0.622282811904762 0.22891249969040248 0.612471875 0.23104843777089784 0.6006984369047619
