1 0.260338857250872 0.5401108219697661 0.29897646504809927 0.5496056684491839 0.28390670373528337 0.6109233001212352 0.24526911441580523 0.601428506210585
1 0.2981131913293211 0.6823368426725296 0.2877800688950174 0.6818689051752904 0.28989328549084803 0.6352114737460759 0.3002263113506842 0.6356794090552315
1 0.34522781419832427 0.6968814740772841 0.32334981078201963 0.6951806466999608 0.32783342754180467 0.6375168199047313 0.34971117500867877 0.639217637289919
1 0.35845941354466504 0.6839734375 0.34410153136525423 0.6839734375 0.3441015817749076 0.6494718749999998 0.35845936313876336 0.6494718749999998
1 0.384584488901055 0.6554229799873581 0.3941760812622306 0.6565406581385316 0.3915714713290299 0.6788896587400187 0.38197987940566236 0.6777719831458782
1 0.5575980802385629 0.5798968417668955 0.5490302341092956 0.5803788507943917 0.5466593258070134 0.5382387690978553 0.5552271103417752 0.5377567618099106
1 0.6270596201572971 0.5930427007347564 0.618635525435252 0.593927315655691 0.6145009633075915 0.5545580493413199 0.6229250000000093 0.5536734374999979
1 0.6256557380545473 0.548183919678523 0.6428696126602063 0.5494332851536856 0.6402020870858678 0.5861831519527013 0.6229882128958479 0.5849337904543804
1 0.7390099810960464 0.611937635039797 0.755380577822848 0.6095394848095147 0.7603071218208015 0.6431657963638627 0.7439365267996436 0.6455639388062722
1 0.5894218958101192 0.6656453094807738 0.5846891241465073 0.6663319608064375 0.5811703760632554 0.6420819621514581 0.5859031249999589 0.6413953125000044
0 0.7917364736779291 0.5074816030142724 0.7377020271601396 0.5103253297325667 0.7306729581108584 0.3767640415045527 0.7847064054560633 0.3739203416236533
0 0.23463252268754786 0.705306471551214 0.14896508829531285 0.7206021896757215 0.1316549273418559 0.623660503042966 0.21732072088218501 0.6083649333024452
