1 0.26734374984520126 0.606853125 0.28170156222910214 0.60279375 0.2844625003095975 0.59163125 0.2916406247678019 0.5794546880952381 0.29329843777089787 0.559159375 0.2800437498452012 0.544953125 0.2656859374613003 0.5429234369047619 0.2574031250773994 0.55205625 0.24967187492260062 0.5835140630952381 0.2518812501547988 0.594675 0.25961249969040245 0.6038078130952381 0.26734374984520126 0.606853125
1 0.2966109374613003 0.6423687499999999 0.2910890625386997 0.635265625 0.28887968730650154 0.657590625 0.28887968730650154 0.6667234369047619 0.2894328123839009 0.6819437500000001 0.29329843777089787 0.6728109369047619 0.29882031269349846 0.6667234369047619 0.2993718749226006 0.654545311904762 0.2966109374613003 0.6423687499999999
1 0.3297437498452012 0.6890468750000001 0.3358187498452012 0.6961499999999999 0.34410156222910215 0.6900625 0.3468624996904025 0.6758562499999999 0.34796718761609907 0.6616484380952381 0.3457578123839009 0.646428125 0.3380281250773994 0.6383093750000001 0.3330578123839009 0.644398438095238 0.32808750030959755 0.6555609380952381 0.3258781250773994 0.662664061904762 0.3253265622291021 0.676870313095238 0.3297437498452012 0.6890468750000001
1 0.35735468730650155 0.676870313095238 0.3584593752321981 0.6667234369047619 0.3584593752321981 0.657590625 0.3523859374613003 0.649471875 0.3452062501547988 0.654545311904762 0.34410156222910215 0.662664061904762 0.3452062501547988 0.677884375 0.34631093746130026 0.6839734369047619 0.35404218761609907 0.682959375 0.35735468730650155 0.676870313095238
1 0.3835921876160991 0.6639375 0.3825640625386997 0.672759375 0.38222031269349843 0.6778 0.38907812507739936 0.6752796880952382 0.3925062501547988 0.67086875 0.3907921876160991 0.6639375 0.38736406253869965 0.655746875 0.3835921876160991 0.6639375
1 0.552292187616099 0.537921875 0.5498906247678018 0.5492625 0.5481765622291022 0.561234375 0.5485203126934984 0.571315625 0.5533203126934985 0.5801375 0.5574343752321982 0.5769875 0.5564062501547987 0.5587140630952381 0.5557203126934984 0.548003125 0.552292187616099 0.537921875
1 0.622925 0.5536734380952381 0.6184687498452013 0.561234375 0.6174390625386997 0.5719468750000001 0.617782812383901 0.5858078119047618 0.6239546873065016 0.59336875 0.6266968749226006 0.5895890619047619 0.6239546873065016 0.5795078130952381 0.622925 0.5675359369047619 0.622925 0.5536734380952381
1 0.6349265622291023 0.578246875 0.6383562501547988 0.5738359369047619 0.6417843752321982 0.564384375 0.6373265622291022 0.551153125 0.6318406247678018 0.5486328119047619 0.624982812383901 0.5574546880952381 0.6242968749226007 0.5669046880952381 0.6242968749226007 0.574467186904762 0.6263546873065016 0.585178125 0.6314984377708978 0.5845484380952382 0.6349265622291023 0.578246875
1 0.7576796873065016 0.637475 0.7583656247678018 0.629914063095238 0.7511640625386997 0.6173125 0.7453359374613003 0.6110109380952381 0.7415640625386997 0.6122718749999999 0.7405359374613003 0.622353125 0.7429359374613003 0.638734375 0.75185 0.6444046869047619 0.7576796873065016 0.637475
1 0.5862546873065015 0.6617656249999999 0.5894218749226007 0.665645311904762 0.5859031250773994 0.641395311904762 0.5830874996904025 0.6455984380952381 0.5823843752321981 0.650448438095238 0.5834390625386997 0.6562687500000001 0.5862546873065015 0.6617656249999999
0 0.7438331888544892 0.41515270476190475 0.7382404582043344 0.4297798476190476 0.7360894080495356 0.443546569047619 0.7365196179566563 0.4573132904761905 0.7369498278637772 0.47108001309523806 0.7365196179566563 0.4878582047619047 0.7399612984520124 0.5011947166666667 0.7485654996904024 0.5093687071428571 0.7558790705882353 0.5093687071428571 0.7631926414860681 0.5050666071428571 0.7782499931888545 0.4934509357142857 0.7902958749226006 0.4801144238095238 0.7890052445820432 0.45559245 0.7748083126934985 0.41773396547619046 0.7769593634674923 0.3897703119047619 0.7778197832817337 0.38632863095238096 0.7696457919504643 0.37471295952380956 0.7670645318885448 0.3764338 0.7532978099071207 0.4026766130952381 0.7438331888544892 0.41515270476190475
0 0.14586101300309598 0.6779003023809523 0.1542142866873065 0.6804705404761904 0.17220595356037152 0.6830407785714285 0.18248690588235295 0.6907514928571429 0.20433393003095976 0.7010324452380953 0.21525744210526315 0.7074580404761905 0.22618095417956657 0.706815480952381 0.2293937517027864 0.6759726238095238 0.22553839442724458 0.6599086357142857 0.22296815665634676 0.6399892904761905 0.21654256099071206 0.6085038738095239 0.20176369164086688 0.6117166714285714 0.17991666811145512 0.6226401833333333 0.1651377987616099 0.6316360166666667 0.15292916780185759 0.6393467309523809 0.14457589411764707 0.6496276833333334 0.14007797708978328 0.6708321476190476 0.14586101300309598 0.6779003023809523
