1 0.25473593746130035 0.5154296880952381 0.2613546873065016 0.505 0.2613546873065016 0.481534375 0.2599359374613003 0.45459374999999996 0.25095468730650156 0.4424265630952381 0.24007968730650156 0.44937968809523815 0.22920625015479876 0.45459374999999996 0.22400625015479875 0.45372500000000004 0.22211562476780183 0.478059375 0.22731562476780184 0.494571875 0.24102656222910218 0.5015234380952381 0.25473593746130035 0.5154296880952381
1 0.3001218749226006 0.4745828130952381 0.28735625015479876 0.47545156190476195 0.2779015622291022 0.4745828130952381 0.26891874984520125 0.48761875 0.26891874984520125 0.50586875 0.2755375003095975 0.516298436904762 0.2883031250773994 0.519775 0.30343125015479877 0.5093453119047618 0.3057953126934984 0.48588125 0.3001218749226006 0.4745828130952381
1 0.3265968749226006 0.48675 0.33605156222910215 0.4841421880952381 0.34219843777089787 0.47545156190476195 0.34172500000000006 0.4598078130952381 0.34172500000000006 0.445903125 0.33321562476780187 0.44068906190476187 0.3261234377708978 0.4415578119047619 0.3166687498452012 0.45372500000000004 0.31335937523219815 0.46154687499999997 0.3161953126934985 0.4824046869047619 0.3209234377708978 0.48675 0.3265968749226006 0.48675
1 0.4343312501547988 0.5576421880952381 0.4329125003095975 0.5376546869047619 0.43054843777089785 0.5202718749999999 0.4262937498452013 0.5107125 0.4192015622291022 0.5063671869047619 0.41116562476780183 0.5063671869047619 0.4069109374613003 0.517665625 0.4045468749226006 0.5463453130952381 0.4116374996904025 0.5654640619047618 0.42818437523219816 0.566334375 0.4343312501547988 0.5576421880952381
1 0.44756874984520123 0.551559375 0.4522953126934985 0.5706796880952382 0.4589140625386997 0.5559046880952381 0.4589140625386997 0.539392188095238 0.46695156222910217 0.5237484380952381 0.4650609374613003 0.5133203119047619 0.4541874996904025 0.5150578130952381 0.44898593746130033 0.52635625 0.44756874984520123 0.551559375
1 0.5716296873065015 0.49373750000000005 0.5687874996904024 0.4996140630952381 0.5737609374613003 0.506142186904762 0.5780234377708978 0.5067953119047619 0.5751812501547988 0.46370156309523813 0.5705640625386997 0.4617421869047619 0.5680765622291022 0.47480156190476186 0.5723390625386997 0.4832890619047619 0.5716296873065015 0.49373750000000005
1 0.6107015622291021 0.526384375 0.6099906247678019 0.5113671869047619 0.6039515622291022 0.501571875 0.5979140625386997 0.4956953130952381 0.5964937498452012 0.5081015630952381 0.595782812383901 0.5296484380952381 0.5979140625386997 0.5453203119047618 0.605017187616099 0.551196875 0.6089249999999999 0.5459734369047619 0.6107015622291021 0.526384375
1 0.6302359374613004 0.506142186904762 0.6238437498452012 0.5087546880952382 0.6195812501547988 0.5198546869047619 0.6202906247678018 0.537484375 0.6217125003095976 0.5531546880952382 0.6281062501547988 0.563603125 0.630592187616099 0.5577265630952382 0.631657812383901 0.546626563095238 0.6313015622291022 0.5335671880952381 0.6313015622291022 0.5178953119047619 0.6302359374613004 0.506142186904762
1 0.6060828123839009 0.6569750000000001 0.6085703126934985 0.6719921869047619 0.6131874996904025 0.679828125 0.619225 0.678521875 0.6241984377708978 0.6713406249999999 0.6245531250773994 0.65566875 0.6199359374613004 0.64195625 0.6103453126934985 0.6432625000000001 0.6060828123839009 0.6569750000000001
1 0.6012281250773994 0.62285625 0.6014281250773994 0.616590625 0.6014281250773994 0.60995625 0.5988218749226006 0.6110609369047619 0.5956140625386996 0.612904688095238 0.5940093752321982 0.616590625 0.5940093752321982 0.623225 0.5970171876160991 0.6265421880952381 0.5998234377708977 0.6283843750000001 0.6012281250773994 0.62285625
1 0.5747609374613003 0.617326563095238 0.5719546873065016 0.613273438095238 0.5697484377708978 0.615853125 0.5697484377708978 0.623225 0.5709515622291021 0.6287531249999999 0.5735578123839009 0.632807811904762 0.5757640625386997 0.6291218749999999 0.5775687498452012 0.62285625 0.5747609374613003 0.617326563095238
1 0.3766687498452012 0.6066390630952381 0.3736609374613003 0.6007421880952382 0.3698515622291022 0.6062703119047619 0.3698515622291022 0.616959375 0.3708531250773994 0.6206437499999999 0.3730593752321982 0.620276561904762 0.3738609374613003 0.6191703119047619 0.37566562476780185 0.6121671880952381 0.3766687498452012 0.6066390630952381
1 0.36368437523219815 0.6251109369047618 0.36555312507739934 0.6162796869047619 0.36635312507739937 0.60843125 0.36288437523219813 0.6059781249999999 0.36075 0.6094125 0.3602156247678019 0.6187328130952381 0.36368437523219815 0.6251109369047618
