1 0.2894109374613003 0.564678125 0.28224531269349845 0.572303125 0.27771874984520123 0.5813125 0.2754562501547988 0.5958671869047619 0.27507812507739937 0.6062640630952382 0.2807359374613003 0.6138874999999999 0.2886562501547988 0.613195311904762 0.29280468730650155 0.597946875 0.2931828123839009 0.56814375 0.2894109374613003 0.564678125
1 0.7095828123839009 0.663096875 0.7024156247678018 0.6651765619047619 0.699775 0.6679484380952381 0.6948718749226007 0.6804234369047619 0.6952499999999999 0.6929 0.7020390625386996 0.7026031250000001 0.7039249999999999 0.69844375 0.7073187498452012 0.6915140630952381 0.7126 0.6908203119047618 0.7197656247678018 0.685275 0.7227828123839009 0.6741859369047619 0.7205203126934984 0.6644828119047619 0.7152390625386996 0.6624046880952381 0.7095828123839009 0.663096875
1 0.6893921876160991 0.6909609369047619 0.6922031250773993 0.6987078119047619 0.6947781250773993 0.703440625 0.6957156247678018 0.700859375 0.6954812501547988 0.693542188095238 0.6938421876160991 0.682784375 0.6903296873065016 0.685365625 0.6893921876160991 0.6909609369047619
1 0.6467687498452013 0.727540625 0.6495796873065015 0.7284015630952381 0.6547312501547988 0.72280625 0.6566046873065016 0.7193640619047619 0.6573078123839009 0.712478125 0.6570734377708979 0.704732813095238 0.6479390625386996 0.6995671880952381 0.6425531250773994 0.698276561904762 0.641617187616099 0.707314061904762 0.6420843752321981 0.7172124999999999 0.6437234377708979 0.7232375 0.6467687498452013 0.727540625
1 0.636932812383901 0.7025796880952381 0.6345906247678019 0.708175 0.6366984377708979 0.71678125 0.6402109374613003 0.7258187500000001 0.6413828123839009 0.7258187500000001 0.6425531250773994 0.721515625 0.6399765622291022 0.713339063095238 0.6385718749226006 0.706023436904762 0.636932812383901 0.7025796880952381
1 0.6060187498452012 0.7408812499999999 0.6083609374613004 0.745615625 0.6095312501547988 0.74389375 0.6102343752321981 0.7404515619047619 0.6102343752321981 0.7348562500000001 0.6097656247678018 0.7279703130952381 0.6085953126934984 0.724528125 0.6069562501547987 0.7193640619047619 0.6050812501547987 0.730553125 0.6050812501547987 0.7352875 0.6050812501547987 0.7374390630952381 0.6060187498452012 0.7408812499999999
1 0.6003984377708979 0.717642188095238 0.5987593752321981 0.724528125 0.5982906247678019 0.7339953130952381 0.5996953126934984 0.738729688095238 0.6032078123839009 0.743032813095238 0.6050812501547987 0.7365781250000001 0.6043796873065016 0.72883125 0.6027406247678019 0.721946875 0.6003984377708979 0.717642188095238
1 0.5779156247678019 0.730982811904762 0.5746359374613004 0.7253890630952381 0.5729968749226007 0.7296921880952381 0.5729968749226007 0.7339953130952381 0.5732312501547987 0.7400203119047619 0.5746359374613004 0.74389375 0.5765109374613003 0.7413124999999999 0.5788515622291022 0.73786875 0.5779156247678019 0.730982811904762
1 0.5690156247678019 0.7223765619047618 0.567142187616099 0.7266796869047619 0.5659718749226006 0.73184375 0.5673765622291022 0.737007813095238 0.5694843752321982 0.7421734369047619 0.5699531250773994 0.746045313095238 0.5701875003095975 0.7339953130952381 0.5713578123839009 0.72625 0.5690156247678019 0.7223765619047618
1 0.35847500000000004 0.71678125 0.3575375003095975 0.71075625 0.3537906247678018 0.7025796880952381 0.34934062476780187 0.7017203119047619 0.34184687492260063 0.6969859369047618 0.3352890625386997 0.692251563095238 0.33201093746130034 0.693542188095238 0.3249843752321982 0.700859375 0.32475000000000004 0.7090359380952381 0.32381406253869965 0.7172124999999999 0.3263890625386997 0.730123438095238 0.33201093746130034 0.7365781250000001 0.3369281250773994 0.736148436904762 0.34653125015479874 0.7357171869047618 0.3530875003095975 0.72883125 0.3563671876160991 0.7223765619047618 0.35847500000000004 0.71678125
1 0.3142109374613003 0.704732813095238 0.31187031269349846 0.7051625 0.3104640625386997 0.706453125 0.3102296873065015 0.7103265619047618 0.3109328123839009 0.720654688095238 0.31210468730650154 0.721515625 0.3160859374613003 0.720225 0.317725 0.717642188095238 0.3186609374613003 0.7146296869047619 0.322175 0.7043015630952381 0.3217062501547988 0.697846875 0.3184265622291022 0.6987078119047619 0.3156171876160991 0.7025796880952381 0.3142109374613003 0.704732813095238
1 0.2746328123839009 0.6771890630952381 0.2701828123839009 0.667721875 0.2664359374613003 0.673315625 0.2647968749226006 0.681923436904762 0.263625 0.6896703119047619 0.26667031269349845 0.6905296880952381 0.27112031269349846 0.6870875 0.27439843777089784 0.6810625 0.2746328123839009 0.6771890630952381
1 0.2598781250773994 0.680632811904762 0.25613125015479876 0.686226563095238 0.25496093746130033 0.6918218749999999 0.25472656222910217 0.7004281250000001 0.2558968749226006 0.706884375 0.26339062476780184 0.6750375000000001 0.26081562476780185 0.67848125 0.2598781250773994 0.680632811904762
0 0.7787295826625387 0.6522564761904762 0.7620657783281733 0.6938992773809525 0.7974765021671827 0.7615688297619048 0.8047669263157895 0.7168028666666667 0.8205728928792569 0.7046875011904762 0.7985180594427244 0.6137368773809524 0.7787295826625387 0.6522564761904762
0 0.7276964532507739 0.4888084738095238 0.7506092835913313 0.47423351785714285 0.7683146458204334 0.47423351785714285 0.7631071770897833 0.41697466666666666 0.7268228928792569 0.38697916785714287 0.7151985603715171 0.43259071666666665 0.7276964532507739 0.4888084738095238
0 0.17570469102167183 0.44404247142857145 0.18195371702786378 0.4638228178571429 0.20382506934984518 0.4825620702380953 0.24027735046439627 0.43259071666666665 0.22777937770897833 0.3670033130952381 0.21119789287925694 0.37526041785714287 0.19445160990712076 0.3940711178571429 0.17570469102167183 0.44404247142857145
0 0.155916373374613 0.6918171690476191 0.16112384210526318 0.7397063749999999 0.18716118575851393 0.7136796238095239 0.20590802538699693 0.6772421738095238 0.16432289287925694 0.6213541678571428 0.12883747244582044 0.6918171690476191 0.155916373374613 0.6918171690476191
