1 0.20120975989107137 0.4555303018465406 0.21545075445567363 0.4458427061617855 0.2277250518816345 0.46388507207404056 0.21348406945946863 0.4735726529152981
1 0.27186330709832873 0.5372350050058221 0.26360293428558634 0.5359498485806924 0.2680287266293817 0.5075054714899502 0.2762890625000409 0.508790624999997
1 0.6356452298474551 0.5234261308535489 0.6514404476348545 0.521516415645964 0.6586791449128668 0.5813821329390392 0.6428839288690824 0.5832918384579882
1 0.7537311830773206 0.5163700373996243 0.7198165893254327 0.5194440849313647 0.7146348661590309 0.4622788048795344 0.748549170232991 0.4592047705917064
1 0.7099656016619065 0.5371106931710048 0.7053482396069057 0.538366592586466 0.6997214762367321 0.5176813207603681 0.7043388232505094 0.5164254235042588
1 0.703842753511708 0.5122957555681152 0.7104093852638016 0.5104519669314956 0.7175588119491749 0.5359124668629336 0.7109921817702798 0.537756251608802
1 0.7777688682067492 0.6340559112382019 0.7239714140187061 0.6586890651586773 0.6868681963710515 0.5776659746852817 0.7406648866480054 0.5530330245316737
1 0.6806322387643604 0.6009286153408552 0.7243626887269556 0.6112388511870899 0.705328154248491 0.6919629614905013 0.6615977328559666 0.6816528098653857
1 0.6621474216760816 0.6419467165345554 0.6516901368208892 0.641773669475908 0.6522330220390131 0.6089732852707767 0.6626902414881215 0.6091463317878182
1 0.6422188238177569 0.6554830731563488 0.6541655822328494 0.6510137266695962 0.6611639389868742 0.6697181633637015 0.6492171852374895 0.6741875008464339
1 0.6195420908049982 0.6671119646025212 0.6300500287948125 0.6649681083838144 0.6345494696312244 0.6870187063062416 0.6240415331337772 0.6891625575502945
1 0.6232156590301656 0.6990722009566975 0.6142048893071888 0.6994988735848696 0.6125273126929187 0.6640749723560888 0.6215380161237363 0.6636483013009239
2 0.7405720716301403 0.7202043265183841 0.7537279640007455 0.7784409984904436 0.6955549153063885 0.7915798162769122 0.6823994843493892 0.7333435458791017
2 0.7459946423733754 0.699218821049387 0.7665242005125492 0.6923034169369914 0.7832039977564591 0.7418125614188121 0.7626744586301584 0.748727925771105
1 0.372925 0.6622109375 0.38624375 0.6622109375 0.38624375 0.7106375 0.372925 0.7106375
1 0.36483189123168813 0.6625352299537907 0.3746002655208258 0.6630334716732156 0.37252556014016136 0.703703830095904 0.362757186012459 0.7032055904823648
1 0.3410485605216991 0.6483056985909387 0.3545522464722808 0.6503620919383396 0.3495726389255651 0.6830572293565778 0.33606895451475793 0.681000842906365
2 0.307637329988097 0.7890694797324949 0.28315372665531413 0.784789896795219 0.2896644335936571 0.7475494988477512 0.3141478247506484 0.7518290627864528
2 0.2654664013225556 0.7722911127600582 0.24171138607584908 0.7587191859646718 0.2646980942945447 0.7184925908913441 0.28845291000686757 0.7320644455226744
2 0.2144588341701592 0.7094204374643123 0.20357708685344278 0.7129210162080116 0.1965151384482624 0.6909717638251661 0.2073968359375158 0.6874711937500109
2 0.6389135264588504 0.8429842906740171 0.6113444284461593 0.8424642250670421 0.6120376197561654 0.8057326063395712 0.6396064635083576 0.806252669547838
