1 0.32414843777089786 0.5330890630952381 0.32354374984520123 0.5502453119047619 0.33260937523219813 0.561275 0.3422781250773994 0.5710796869047619 0.3459031250773994 0.5649515630952381 0.3495296873065016 0.5294125 0.3434859374613003 0.5208328130952381 0.33140000000000003 0.5245093749999999 0.32414843777089786 0.5330890630952381
1 0.46311874984520124 0.5751578130952381 0.45721562476780186 0.57791875 0.4540374996904025 0.58344375 0.4499515622291022 0.58620625 0.4485906247678018 0.5742359380952381 0.4445031250773994 0.5696328119047619 0.44405 0.5944921880952381 0.4472281250773994 0.6055421880952381 0.45676249969040245 0.6037 0.46493437523219816 0.5898890630952381 0.46311874984520124 0.5751578130952381
1 0.49853281238390096 0.609225 0.5008015622291022 0.5917296869047619 0.49807812507739935 0.58344375 0.4894515622291022 0.5889687499999999 0.4844578123839009 0.5898890630952381 0.4853656247678019 0.6037 0.4885437498452012 0.611065625 0.49262968730650153 0.6221140619047619 0.49853281238390096 0.6230359369047619 0.49853281238390096 0.609225
1 0.5389406247678018 0.593571875 0.5389406247678018 0.614748438095238 0.5430265622291022 0.617510936904762 0.5484749999999999 0.610145311904762 0.5484749999999999 0.598175 0.5475656247678019 0.5852859380952381 0.5412093752321981 0.578840625 0.5389406247678018 0.593571875
1 0.5262265622291021 0.599096875 0.5189625003095976 0.58620625 0.5121531250773994 0.5889687499999999 0.5048890625386997 0.5889687499999999 0.5048890625386997 0.6027796880952381 0.50625 0.620273438095238 0.5121531250773994 0.6322421869047619 0.5225953126934985 0.6304015619047619 0.5280437498452012 0.612907811904762 0.5262265622291021 0.599096875
1 0.6181843752321982 0.5845953130952382 0.6222156247678019 0.5845953130952382 0.6256265622291022 0.5839656249999999 0.6271765622291021 0.57641875 0.6228359374613003 0.567615625 0.6200453126934985 0.5556671880952381 0.6178734377708978 0.544346875 0.6119812501547988 0.547490625 0.6088812501547988 0.5531515619047619 0.610742187616099 0.572017188095238 0.6132218749226006 0.575790625 0.615082812383901 0.580821875 0.6181843752321982 0.5845953130952382
1 0.7037718749226006 0.5059859380952381 0.7012906247678018 0.4984390619047619 0.6981906247678018 0.5009546880952381 0.6963296873065016 0.507871875 0.6966390625386997 0.51541875 0.7003609374613003 0.5185624999999999 0.7050125003095975 0.521078125 0.7037718749226006 0.5059859380952381
1 0.6302781250773994 0.650626563095238 0.626867187616099 0.647482811904762 0.6256265622291022 0.656915625 0.6290374996904025 0.6676062500000001 0.6346187498452012 0.6738953130952381 0.6383406247678018 0.6694937499999999 0.6383406247678018 0.657545311904762 0.63865 0.6405656249999999 0.6364796873065015 0.6393078130952381 0.6358593752321982 0.6493687499999999 0.6302781250773994 0.650626563095238
1 0.6054703126934985 0.643709375 0.6051593752321982 0.6525140619047619 0.6076406247678019 0.6632046880952381 0.6129124996904025 0.6613171869047619 0.6163234377708978 0.6556578119047619 0.6135328123839009 0.643709375 0.6082609374613003 0.6367921880952381 0.6054703126934985 0.643709375
1 0.6014390625386997 0.6525140619047619 0.5995781250773994 0.661946875 0.6026796873065016 0.6657203119047619 0.6064 0.661946875 0.6051593752321982 0.653142186904762 0.6039187498452012 0.6493687499999999 0.6014390625386997 0.6525140619047619
2 0.3060121083591331 0.7772194321428572 0.31371052631578944 0.7772194321428572 0.319805107120743 0.773049455952381 0.3242958507739938 0.7663133404761905 0.32814505944272443 0.7605395273809524 0.3332773380804953 0.7534826440476191 0.33744731455108357 0.7470672964285714 0.3445041975232198 0.7364819714285714 0.34610803467492257 0.7294250880952381 0.3467495696594427 0.7214059035714285 0.3390511517027863 0.720764369047619 0.3348811752321981 0.7316704607142858 0.32846582724458206 0.7425765523809524 0.3156351306501548 0.7499542023809525 0.31306899133126936 0.7470672964285714 0.31242745634674923 0.7428973202380952 0.305370573374613 0.7454634595238095 0.302483666873065 0.7377650416666667 0.30376673684210526 0.7319912273809523 0.29959676037151706 0.7287835535714285 0.2973513882352941 0.7284627869047618 0.29478524891640867 0.7643887357142858 0.3060121083591331 0.7772194321428572
2 0.6829608123839009 0.7820686309523809 0.6854139758513932 0.7855030607142858 0.6922828346749226 0.7859936928571428 0.6952266309597523 0.784031161904762 0.7055299195046439 0.7781435690476189 0.7089643486068111 0.7756904047619048 0.7119081455108359 0.7727466083333334 0.7153425746130031 0.7693121785714285 0.717305105882353 0.7653871166666666 0.7182863715170279 0.7550838285714285 0.7148519417956656 0.7403648464285715 0.710926879876161 0.7241739642857143 0.7016048569659443 0.7187770035714286 0.6991516934984521 0.7496868678571429 0.6962078965944273 0.7521400321428572 0.6878671399380805 0.7452711738095238 0.6844327102167183 0.7550838285714285 0.6800170154798761 0.7619526880952381 0.6751106879256965 0.7663683821428572 0.6780544842105263 0.7747091392857143 0.6829608123839009 0.7820686309523809
