1 0.3640765622291022 0.442509375 0.3567703126934984 0.443615625 0.35155 0.462409375 0.3562484377708978 0.49005 0.36146718761609903 0.495578125 0.37190468730650156 0.4922609380952381 0.3833875003095975 0.47457187500000003 0.38025625015479875 0.462409375 0.37294843777089787 0.4480375 0.3640765622291022 0.442509375
1 0.3938265622291022 0.4336640630952381 0.3833875003095975 0.43698125000000004 0.38808437523219813 0.45688125 0.39434843777089784 0.473465625 0.3959140625386997 0.47899375000000005 0.4047859374613003 0.4778875 0.4079171876160991 0.45909375 0.4032203126934984 0.4358765630952381 0.3938265622291022 0.4336640630952381
1 0.4681875003095975 0.5111859369047619 0.46980312507739935 0.4963609369047619 0.4649562501547988 0.4724125 0.45149687492260066 0.453025 0.4477281250773994 0.473553125 0.4547265622291022 0.49750156309523813 0.4552656247678018 0.5123265619047619 0.46226406253869967 0.5271515630952381 0.46711093746130034 0.518028125 0.4681875003095975 0.5111859369047619
1 0.5044624996904025 0.4933046869047619 0.5018875003095975 0.497978125 0.5029906247678019 0.51589375 0.5077718749226006 0.5299140630952381 0.508875 0.5096625 0.5066687498452013 0.4933046869047619 0.5044624996904025 0.4933046869047619
1 0.6064984377708978 0.579564061904762 0.5921218749226006 0.5887703119047619 0.5837640625386997 0.5986828119047619 0.5851015622291021 0.615678125 0.5911187498452013 0.6248828130952381 0.5961343752321981 0.634796875 0.6014828123839009 0.631964061904762 0.6074999999999999 0.6149703130952381 0.6125156247678019 0.5993921880952381 0.6064984377708978 0.579564061904762
1 0.2962578123839009 0.56469375 0.29124374984520124 0.5533640630952381 0.28522656222910214 0.550532813095238 0.27252187492260066 0.53849375 0.26784218761609907 0.5399109380952382 0.26282656222910217 0.549115625 0.2614890625386997 0.5618624999999999 0.26483281238390094 0.5731921880952381 0.2705156247678019 0.5852296880952381 0.2751968749226006 0.5937265630952381 0.28322031269349845 0.5993921880952381 0.29325 0.59089375 0.29893281238390096 0.5838125 0.3009390625386997 0.5731921880952381 0.2962578123839009 0.56469375
1 0.2504578123839009 0.517959375 0.244775 0.523625 0.24444062476780187 0.5307046880952381 0.24811718761609905 0.5413265630952381 0.2504578123839009 0.544159375 0.2531328123839009 0.543451563095238 0.25814687492260063 0.54061875 0.2504578123839009 0.517959375
0 0.7637256086687306 0.5689058773809524 0.7426353839009288 0.5540705571428571 0.7293563628482972 0.5650018642857143 0.7238885442724459 0.5829602571428572 0.7277941461300309 0.6087267642857143 0.7473221535603715 0.6524516928571429 0.7590389585139319 0.6743141869047619 0.775585919504644 0.6710937511904762 0.7668501616099072 0.5970146964285714 0.7637256086687306 0.5689058773809524
2 0.6114071492260063 0.7344359583333333 0.6192183517027864 0.7063270785714286 0.6082827151702787 0.7149158952380953 0.5890624823529412 0.7140625011904762 0.5950036941176471 0.7328743761904761 0.6114071492260063 0.7344359583333333
2 0.6379653108359133 0.7492712178571429 0.6504631640866874 0.7320935261904762 0.6317163244582044 0.7313127357142857 0.6154296693498452 0.7238281261904762 0.6192183517027864 0.7469287857142857 0.6379653108359133 0.7492712178571429
