1 0.2248359374613003 0.4837890619047619 0.22175000000000003 0.4818984380952381 0.21660625015479876 0.4856796869047619 0.21454843777089783 0.49702031309523814 0.21592031269349843 0.5026921869047619 0.22037812507739937 0.5058421869047619 0.2224359374613003 0.506471875 0.22826406253869969 0.5052125 0.22757812507739938 0.496390625 0.2248359374613003 0.4837890619047619
1 0.26118125015479876 0.529784375 0.26906718761609905 0.5260046869047619 0.2742109374613003 0.5222234369047619 0.2718109374613003 0.51529375 0.2676968749226006 0.509621875 0.2608390625386997 0.512142188095238 0.25706718761609904 0.528525 0.26118125015479876 0.529784375
1 0.30438437523219813 0.5165531250000001 0.2995843752321981 0.506471875 0.29512656222910216 0.5089921869047619 0.2930703126934985 0.515923436904762 0.2916984377708978 0.52474375 0.29409843777089784 0.5360859380952381 0.29992812507739935 0.5329359380952381 0.3026703126934984 0.5278953130952382 0.30438437523219813 0.5165531250000001
1 0.33901718761609906 0.5260046869047619 0.33695937523219816 0.534195313095238 0.3379874996904025 0.5417562499999999 0.34004531269349847 0.546796875 0.33901718761609906 0.5260046869047619
1 0.6099812501547988 0.5489390630952381 0.6109187498452012 0.5373187500000001 0.6111531250773994 0.524409375 0.6078734377708979 0.5278515619047619 0.6069374996904024 0.53430625 0.6076390625386997 0.5407625 0.6099812501547988 0.5489390630952381
1 0.6418312501547988 0.521396875 0.6369140625386998 0.5235484380952381 0.6359765622291021 0.529573438095238 0.6373828123839008 0.5403312499999999 0.6394906247678018 0.5467875 0.6413640625386997 0.54936875 0.6420656247678018 0.539471875 0.6420656247678018 0.530434375 0.6418312501547988 0.521396875
1 0.6802406247678018 0.4938546880952381 0.6778984377708979 0.49901875 0.6753218749226005 0.505903125 0.6753218749226005 0.5119281250000001 0.6764921876160991 0.5201046880952381 0.6776640625386997 0.524409375 0.6807078123839009 0.5312953130952381 0.6846890625386998 0.5373187500000001 0.6884375003095976 0.539040625 0.6914812501547988 0.533876561904762 0.6893734377708978 0.5261296869047619 0.6870312501547987 0.5175234369047619 0.6886703126934985 0.5106375 0.6870312501547987 0.499878125 0.6842218749226007 0.4925625 0.6802406247678018 0.4938546880952381
1 0.6749515622291021 0.613654688095238 0.6775015622291022 0.6256328119047619 0.6817531250773994 0.634484375 0.6857203126934984 0.641775 0.6879875003095975 0.6360468749999999 0.6908203126934985 0.631359375 0.6888375003095976 0.6251109369047618 0.6845859374613004 0.6266734369047618 0.6834531250773994 0.6225078119047619 0.6840203126934984 0.6152171880952381 0.6828859374613003 0.607928125 0.6777859374613003 0.599075 0.6752359374613004 0.606365625 0.6749515622291021 0.613654688095238
1 0.6769359374613003 0.635004686904762 0.6777859374613003 0.619904688095238 0.6741015622291022 0.614696875 0.6687171876160991 0.621465625 0.6661671876160992 0.63031875 0.6656 0.6381296869047619 0.6701343752321981 0.6448984369047619 0.6738187498452012 0.6480234369047619 0.6755187498452012 0.649585936904762 0.6769359374613003 0.635004686904762
1 0.3070015622291022 0.6381765630952381 0.30803125015479876 0.649064063095238 0.31060781238390095 0.6608999999999999 0.3121531250773994 0.658059375 0.31369843777089784 0.6556921869047618 0.3175625003095975 0.6528515619047619 0.31962343777089786 0.65143125 0.32142656222910215 0.6462249999999999 0.3224578123839009 0.640070313095238 0.3219421876160991 0.63155 0.3175625003095975 0.6249218750000001 0.31292656222910215 0.62208125 0.30931874984520125 0.6249218750000001 0.3070015622291022 0.6381765630952381
1 0.21899062476780184 0.5793921869047619 0.2175859374613003 0.5884296880952381 0.22062968730650154 0.59660625 0.22578281238390094 0.6022015619047619 0.23116874984520125 0.6017718750000001 0.23538437523219813 0.59961875 0.22859218761609906 0.5910124999999999 0.2225031250773994 0.5824046869047619 0.21899062476780184 0.5793921869047619
