1 0.38322031269349843 0.502784375 0.375375 0.51039375 0.369575 0.5235375 0.3658234377708978 0.5442906249999999 0.36377656222910215 0.5664265619047619 0.36752812507739935 0.578879688095238 0.3740093752321981 0.5698859369047619 0.3791265622291022 0.56296875 0.38526718761609907 0.5525921869047619 0.38901874984520124 0.53253125 0.38901874984520124 0.5221546869047619 0.3869718749226006 0.50831875 0.38322031269349843 0.502784375
2 0.38526718761609907 0.413546875 0.3815140625386997 0.4059375 0.37162187492260057 0.4038625 0.3654828123839009 0.4066296880952381 0.3590015622291021 0.4259984369047619 0.3644593752321982 0.455053125 0.36650468730650154 0.44260156190476185 0.36889374984520124 0.43015000000000003 0.37264531269349843 0.4253078119047619 0.37980937523219815 0.43015000000000003 0.3866312501547987 0.4405265630952381 0.3893593752321981 0.455053125 0.3900421876160991 0.44744375000000003 0.38799531269349846 0.428765625 0.38526718761609907 0.413546875
1 0.3995937498452012 0.549825 0.39549999999999996 0.5456734369047619 0.3927703126934985 0.5505171880952381 0.39072500000000004 0.55605 0.3897015622291022 0.5691937499999999 0.3900421876160991 0.5816453130952381 0.3920890625386997 0.585796875 0.3965234377708978 0.583721875 0.4016406247678019 0.5761125 0.40198125015479874 0.5636593750000001 0.3995937498452012 0.549825
1 0.5667374996904024 0.6003234369047619 0.5623031250773994 0.5809546869047619 0.5612796873065016 0.5830296869047619 0.5582093752321982 0.5968640630952381 0.558892187616099 0.6113921880952381 0.5626437498452013 0.619001561904762 0.5663968749226006 0.613467186904762 0.5667374996904024 0.6003234369047619
1 0.5991437498452012 0.5442906249999999 0.59505 0.5643515630952382 0.5957328123839009 0.5864890630952382 0.6015312501547988 0.592714061904762 0.6042593752321981 0.592021875 0.6080124996904025 0.5864890630952382 0.6202921876160991 0.561584375 0.6213156247678018 0.5429078130952381 0.6172218749226006 0.5200796880952381 0.6144937498452012 0.518003125 0.6035781250773994 0.53668125 0.5991437498452012 0.5442906249999999
1 0.6308671876160991 0.5359890630952381 0.6281374996904024 0.5242296869047619 0.6216562501547988 0.5186953119047619 0.6155171876160991 0.5173125000000001 0.6117640625386997 0.5214625 0.6110828123839009 0.5332218750000001 0.6107406247678018 0.5415234369047619 0.6114234377708978 0.55605 0.6161984377708979 0.5719609369047619 0.620975 0.585796875 0.6267734377708979 0.5733453119047619 0.6295031250773994 0.5657359380952381 0.6312078123839009 0.5512078130952381 0.6308671876160991 0.5359890630952381
1 0.7407046873065016 0.605165625 0.7468453126934984 0.6037828119047619 0.7482093752321981 0.59963125 0.7499140625386996 0.592021875 0.7495734377708978 0.5809546869047619 0.7468453126934984 0.56711875 0.7447984377708978 0.56504375 0.7400218749226006 0.5636593750000001 0.7352468749226005 0.5761125 0.7355875003095975 0.59340625 0.7389984377708978 0.603090625 0.7407046873065016 0.605165625
1 0.6990953126934984 0.6029234369047619 0.6992890625386997 0.60878125 0.7010218749226006 0.615809375 0.7033312501547988 0.6224484380952381 0.7056421876160991 0.62518125 0.7069906247678018 0.619715625 0.7066046873065016 0.613467186904762 0.7048718749226006 0.6048765619047619 0.7029468749226007 0.6029234369047619 0.6990953126934984 0.6029234369047619
1 0.6956296873065015 0.607609375 0.6938968749226005 0.611514061904762 0.6935125003095975 0.61854375 0.6954374996904025 0.6259625 0.7002515622291022 0.613857811904762 0.6975546873065015 0.6064390619047619 0.6956296873065015 0.607609375
1 0.6519218749226007 0.629085938095238 0.6449890625386997 0.62830625 0.6457593752321982 0.634553125 0.6465296873065016 0.647048438095238 0.6486484377708979 0.6572015619047619 0.6548093752321982 0.6568109369047619 0.6569281250773994 0.6525156249999999 0.6578906247678019 0.649001563095238 0.6594312501547988 0.6408015619047619 0.6575046873065015 0.629085938095238 0.6519218749226007 0.629085938095238
1 0.6459531250773993 0.65954375 0.6471078123839009 0.6536875 0.6471078123839009 0.650171875 0.6459531250773993 0.6454875000000001 0.64345 0.6415812500000001 0.6405609374613004 0.6439250000000001 0.6392125003095975 0.647829688095238 0.6409468749226006 0.6568109369047619 0.6432562501547988 0.661496875 0.6459531250773993 0.65954375
1 0.2770296873065015 0.627134375 0.27953281238390093 0.6318203130952381 0.28723437523219814 0.6326015630952381 0.2916624996904025 0.62830625 0.29455156222910217 0.6208859380952381 0.2964765622291022 0.611125 0.29897968730650154 0.6048765619047619 0.2980171876160991 0.600971875 0.2937812501547988 0.5962859369047618 0.28338281238390095 0.593553125 0.27857031269349847 0.5966765619047619 0.2756812501547988 0.6029234369047619 0.27433437523219817 0.610734375 0.2749109374613003 0.6204953130952381 0.2770296873065015 0.627134375
