1 0.30461406253869966 0.582565625 0.3066546873065015 0.5756375 0.30189531269349845 0.568015625 0.29577656222910215 0.564551561904762 0.29407656222910217 0.572865625 0.2944171876160991 0.578409375 0.2944171876160991 0.5839515619047619 0.29815625015479874 0.591571875 0.300875 0.591571875 0.30461406253869966 0.582565625
1 0.3409875003095975 0.5929578130952381 0.34302656222910216 0.58464375 0.3375875003095975 0.577023438095238 0.33078906253869966 0.5853375 0.3321484377708978 0.592265625 0.3355484377708978 0.596421875 0.3409875003095975 0.5929578130952381
1 0.3627437498452012 0.586029688095238 0.36444218761609903 0.590879688095238 0.3668218749226006 0.57979375 0.3671625003095975 0.563859375 0.3671625003095975 0.5534671880952381 0.3651218749226006 0.5534671880952381 0.36308281238390094 0.5624734380952381 0.3607031250773994 0.574945311904762 0.3627437498452012 0.586029688095238
1 0.3243312501547988 0.567323436904762 0.32025156222910217 0.57979375 0.3188921876160991 0.596421875 0.3239906247678019 0.601271875 0.32535 0.5804875 0.32739062476780184 0.563167188095238 0.3243312501547988 0.567323436904762
1 0.3719218749226006 0.5901875 0.3739609374613003 0.60404375 0.37872031269349843 0.6054296880952381 0.3865390625386997 0.59434375 0.3902781250773994 0.586029688095238 0.39129687492260057 0.572173436904762 0.3895984377708978 0.5610875 0.3865390625386997 0.5534671880952381 0.3790593752321981 0.54238125 0.37328125015479874 0.54238125 0.37328125015479874 0.5624734380952381 0.3726015622291022 0.577023438095238 0.3719218749226006 0.5901875
1 0.4082937498452012 0.5555453119047619 0.40489531269349843 0.568709375 0.4042156247678018 0.57979375 0.4103343752321982 0.5853375 0.41101406253869965 0.577023438095238 0.41101406253869965 0.563167188095238 0.4082937498452012 0.5555453119047619
1 0.6474203126934984 0.529054688095238 0.6432421876160991 0.5309484380952381 0.6406875003095975 0.539465625 0.6392953126934984 0.5522421880952381 0.6369734377708978 0.5631265630952381 0.6360437498452012 0.5740109380952381 0.6362765622291021 0.5929390619047619 0.6395265622291021 0.60335 0.6425453126934983 0.6019296880952382 0.6460281250773995 0.59814375 0.6506718749226007 0.5896265630952381 0.6520640625386996 0.5806359380952382 0.6534578123839009 0.5721171869047619 0.6520640625386996 0.557921875 0.6502078123839009 0.5451453119047619 0.649742187616099 0.536153125 0.6474203126934984 0.529054688095238
1 0.6922312501547988 0.5896265630952381 0.6875874996904024 0.59151875 0.6850343752321981 0.5877343749999999 0.6820156247678019 0.58820625 0.6829437498452012 0.60335 0.6850343752321981 0.6071359380952381 0.6899093752321982 0.6066625 0.693625 0.60145625 0.6982687498452013 0.5962515630952381 0.7029124996904025 0.5962515630952381 0.7077874996904024 0.5953046880952382 0.7110375003095976 0.59814375 0.7154499999999999 0.6005109380952381 0.7166109374613002 0.5938859369047619 0.7166109374613002 0.5863140619047619 0.7089484377708978 0.5811093749999999 0.7043046873065015 0.579215625 0.7008218749226006 0.58489375 0.6961781250773993 0.58820625 0.6922312501547988 0.5896265630952381
1 0.626525 0.6757515630952381 0.6244359374613003 0.6861625 0.6255968749226006 0.6984656250000001 0.6262921876160991 0.71076875 0.6309359374613003 0.713134375 0.6341874996904024 0.70935 0.6367406247678019 0.6970453119047619 0.6374374996904024 0.68758125 0.6395265622291021 0.6804828130952381 0.6392953126934984 0.6733859369047619 0.6348828123839009 0.6634484380952381 0.629775 0.6662875 0.626525 0.6757515630952381
1 0.5765140625386996 0.670876563095238 0.5752359374613003 0.665151563095238 0.5742156247678019 0.6563015630952381 0.572682812383901 0.6557812500000001 0.5693624996904025 0.6656718749999999 0.5657874996904024 0.6807671869047619 0.5683406247678018 0.691178125 0.5731937498452012 0.700026561904762 0.5749812501547988 0.700026561904762 0.5788124996904025 0.694821875 0.5806 0.687014063095238 0.5777906247678019 0.678164061904762 0.5765140625386996 0.670876563095238
1 0.37475 0.662028125 0.37500468730650155 0.678164061904762 0.37628281238390093 0.691698436904762 0.37858125015479877 0.7026296880952381 0.37934687492260066 0.69221875 0.3813906247678019 0.6828500000000001 0.37960312507739935 0.6771234369047618 0.37832499999999997 0.6656718749999999 0.3773031250773994 0.650576561904762 0.37475 0.662028125
