1 0.25463737920256335 0.5244164204945593 0.2361929807962042 0.5176494669692318 0.2575171604358957 0.4595316642529534 0.2759614055836437 0.466298586933482
1 0.39761532487352724 0.5945138010357105 0.3802698098261317 0.5990226427505223 0.36350668478394255 0.5345409927048305 0.38085200982800416 0.5300321770309887
2 0.38580470868123484 0.4494390633030849 0.3715531892407853 0.4488987170677837 0.37360476691742406 0.39479306966105365 0.3878561881207361 0.39533341404310285
2 0.4553671936490673 0.4858521128749693 0.4312995967882216 0.4851631646835272 0.4331267318030996 0.4213428810536891 0.45719411882123495 0.4220318262620626
1 0.4308296875000224 0.5708500000000003 0.4397713426952805 0.570741931678715 0.44038852736548506 0.6218028697125539 0.431446872178185 0.6219109375341049
1 0.4611955134625987 0.6226625494026349 0.44851543295908414 0.6240406852167903 0.4437326641337904 0.5800392343941465 0.45641264226526346 0.5786611042081257
1 0.4602437254237657 0.5843645945830382 0.47075549329849764 0.5845428012101214 0.4700227053576782 0.6277625809167887 0.4595109374999993 0.627584375000001
1 0.49590002531567734 0.6094296869704399 0.4880279037137143 0.6095943582669751 0.4872668924590471 0.5732170333786762 0.495138962664214 0.5730523626186229
1 0.5354120174622494 0.6348391077885537 0.5256170874434929 0.6353824139008555 0.5230404875231898 0.5889349917036709 0.5328353328176263 0.5883916879462502
1 0.5693311461120629 0.6094196826322773 0.5661835300951452 0.6102301995248915 0.5609852078941913 0.5900448903495628 0.56413281250002 0.5892343750000006
1 0.5657823034102876 0.5833221509419949 0.5708281288314083 0.5830806145643739 0.5721608972478407 0.6109198782775896 0.5671150718703757 0.6111614140429497
1 0.6346106958867495 0.5842932611449062 0.6273977317265462 0.5838999854274258 0.6288549811887378 0.5571759391502683 0.6360679117511836 0.557569213947808
1 0.6522462977554824 0.5992106653974041 0.6370249412218527 0.597723283051237 0.6438208826838263 0.5281839210952082 0.6590420580033651 0.5296712945271097
1 0.6951402608298167 0.4987803997442398 0.7034475982602544 0.49739240277069374 0.7071136747423452 0.5193326252878009 0.698806337910014 0.5207206198683209
1 0.6973353149954846 0.6338175026881848 0.7067615618119589 0.6296254191310597 0.7168409498841584 0.6522869339588641 0.707414709177101 0.6564790073331325
1 0.6998656249993473 0.6319967453252364 0.6998657624047837 0.6577843286406178 0.6648203582873293 0.6577843842031063 0.6648203095542158 0.6319968888338411
1 0.28353906249992633 0.6438593749999858 0.27407059932136235 0.6369616036197238 0.2919325106678343 0.6124458249747698 0.30140093612419605 0.6193435764439709
0 0.2005695758158481 0.5510672735909425 0.25802839081268303 0.5788956590486086 0.20874374696279574 0.6806445831352572 0.15128511628938668 0.6528164918955076
2 0.7102560863263534 0.7395640138665478 0.7369584486972371 0.7596838945740373 0.7069088187447505 0.7995573997552883 0.6802065590977691 0.779437636818125
2 0.40877619307946134 0.3945929677189245 0.4301116013525643 0.39505176816625004 0.42919955666764054 0.43746203046628945 0.4078641484375112 0.43700323124999974
