1 0.26001093746130033 0.4996515630952381 0.26272031269349844 0.49134374999999997 0.2676859374613003 0.488853125 0.26949218761609905 0.4830375 0.26949218761609905 0.4739015630952381 0.2672343752321981 0.46559375 0.26272031269349844 0.461440625 0.25685 0.469746875 0.2514328123839009 0.47888437500000003 0.24736874984520124 0.487190625 0.24420781238390094 0.5038046880952382 0.25052968730650155 0.522909375 0.25549531269349846 0.522078125 0.25368906253869966 0.513771875 0.25730156222910217 0.5104484380952381 0.26001093746130033 0.4996515630952381
1 0.3864218749226006 0.5946796880952381 0.39043125015479874 0.59638125 0.3935156247678019 0.5941125 0.39320625015479876 0.5884390630952381 0.39382343777089784 0.579928125 0.39043125015479874 0.5668796880952381 0.3858046873065015 0.554965625 0.38148749969040247 0.5504265630952381 0.37717031269349843 0.55099375 0.37347031269349845 0.5464546869047618 0.3753203126934984 0.536810938095238 0.3722359374613003 0.5322718750000001 0.3660687498452012 0.535675 0.3676109374613003 0.5430515630952382 0.36822656222910216 0.5475890619047619 0.3697687498452012 0.552128125 0.37192812507739936 0.55836875 0.3725437498452012 0.5680140630952382 0.37501093746130026 0.57879375 0.3793296873065015 0.58900625 0.38210468730650154 0.5907078130952381 0.3864218749226006 0.5946796880952381
2 0.3854968749226006 0.4125625 0.3817953126934984 0.398378125 0.37840312507739937 0.394975 0.3743953126934984 0.40461875 0.3725437498452012 0.42277499999999996 0.3722359374613003 0.43922812499999997 0.37562812507739934 0.429015625 0.37655312507739935 0.41766875 0.37840312507739937 0.4125625 0.38148749969040247 0.41937031190476187 0.38364687492260063 0.4335546880952381 0.3858046873065015 0.4494390630952381 0.3861140625386997 0.4380921880952381 0.38672968730650154 0.42504375 0.3854968749226006 0.4125625
2 0.4561171876160991 0.45000625 0.4567343752321982 0.4380921880952381 0.4545765622291022 0.42788125 0.44347343777089787 0.42163906190476186 0.4363812501547988 0.4273125 0.4326796873065015 0.43695781309523807 0.4351468749226006 0.45000625 0.4354562501547988 0.4647578130952381 0.43915625015479876 0.4511421869047619 0.4394656247678019 0.4380921880952381 0.4459406247678019 0.43922812499999997 0.4496421876160991 0.4511421869047619 0.45180000000000003 0.46759375000000003 0.45180000000000003 0.48574999999999996 0.4542671876160991 0.4755375 0.4561171876160991 0.4596515630952381 0.4561171876160991 0.45000625
1 0.43915625015479876 0.590140625 0.43915625015479876 0.5833328130952381 0.4394656247678019 0.5765234380952381 0.4379234377708978 0.574254688095238 0.43453125015479876 0.5731203130952381 0.43082968730650156 0.57085 0.4329890625386997 0.582196875 0.4329890625386997 0.5895734380952381 0.4332968749226006 0.604890625 0.4314468749226006 0.621910938095238 0.4332968749226006 0.616804686904762 0.4363812501547988 0.6111328119047619 0.43977343777089783 0.6060265630952382 0.44008125015479876 0.59638125 0.43915625015479876 0.590140625
1 0.4551921876160991 0.57879375 0.4521093752321982 0.586735938095238 0.449025 0.600353125 0.4468656247678019 0.6088625 0.45272500000000004 0.616804686904762 0.4576593752321982 0.623046875 0.4598187498452012 0.622478125 0.4598187498452012 0.609996875 0.45796874984520125 0.5958140630952381 0.45704374984520124 0.584467188095238 0.4551921876160991 0.57879375
1 0.4706125003095975 0.5929765619047619 0.46629531269349844 0.584467188095238 0.46290312507739934 0.584467188095238 0.46012656222910214 0.591275 0.46228593746130026 0.5997859369047619 0.4607437498452012 0.6082953130952381 0.4607437498452012 0.617373436904762 0.45951093746130034 0.6275843750000001 0.46228593746130026 0.6258828119047619 0.46537031269349843 0.6213437500000001 0.4675281250773994 0.612834375 0.4696875003095975 0.6043234369047619 0.4706125003095975 0.5929765619047619
1 0.4918906247678019 0.5731203130952381 0.4878812501547988 0.5810624999999999 0.48757343777089784 0.5878703130952381 0.48819062476780184 0.59354375 0.49034843777089787 0.5997859369047619 0.4937406247678019 0.605459375 0.4959 0.6094296880952381 0.49528281238390093 0.59638125 0.49528281238390093 0.586735938095238 0.49528281238390093 0.579928125 0.4918906247678019 0.5731203130952381
1 0.5338312501547988 0.6082953130952381 0.5332156247678018 0.5952468750000001 0.5319812501547988 0.5884390630952381 0.5298234377708978 0.59354375 0.5270468749226006 0.5969484380952381 0.5258140625386997 0.6043234369047619 0.5242718749226006 0.6111328119047619 0.5264312501547987 0.6179406249999999 0.5295140625386997 0.62645 0.5322906247678019 0.63155625 0.5332156247678018 0.6349609380952381 0.534757812383901 0.623046875 0.5338312501547988 0.6082953130952381
1 0.5648984377708978 0.6050859369047619 0.5670046873065016 0.61001875 0.5666218749226006 0.60226875 0.5658562501547988 0.5959265619047619 0.5641328123839009 0.589234375 0.5624093752321981 0.595575 0.5639406247678018 0.600859375 0.5648984377708978 0.6050859369047619
1 0.5710265622291022 0.5909953130952381 0.5700687498452012 0.585710936904762 0.5673874996904025 0.5832453130952381 0.5660484377708979 0.58888125 0.5664312501547988 0.59451875 0.5666218749226006 0.600859375 0.5675796873065015 0.607904688095238 0.5689203126934984 0.611075 0.5710265622291022 0.6064953119047619 0.5714093752321981 0.600859375 0.5714093752321981 0.595221875 0.5710265622291022 0.5909953130952381
1 0.6334218749226006 0.5623671880952381 0.6294968749226006 0.5572109369047619 0.6286546873065015 0.5654625 0.6280937498452013 0.5711359380952381 0.6286546873065015 0.5793874999999999 0.6297765622291022 0.5840296880952381 0.6311781250773993 0.5824828119047619 0.6339812501547988 0.57835625 0.6351031250773993 0.5752625 0.6353843752321982 0.5701046880952381 0.6334218749226006 0.5623671880952381
1 0.6468781250773994 0.597440625 0.6499624996904024 0.5989875 0.6533265622291021 0.5881562499999999 0.654167187616099 0.57629375 0.6552890625386998 0.5649468750000001 0.6564093752321982 0.5556625000000001 0.6569703126934985 0.5494734380952381 0.6578125003095975 0.542253125 0.6583718749226005 0.534001563095238 0.65585 0.529359375 0.651082812383901 0.5360640630952381 0.6474390625386998 0.544315625 0.6446359374613003 0.550504686904762 0.6423921876160991 0.55669375 0.6404296873065015 0.562884375 0.64015 0.5768093750000001 0.6421125003095975 0.5829984380952381 0.6435140625386996 0.587640625 0.6460375003095975 0.5938296869047619 0.6468781250773994 0.597440625
1 0.6959406247678018 0.503570313095238 0.6970609374613003 0.5102749999999999 0.6995843752321982 0.520590625 0.7018281250773994 0.5195593749999999 0.7026687498452012 0.5133703130952381 0.7049109374613004 0.50615 0.7018281250773994 0.497896875 0.6973421876160991 0.4984125 0.6959406247678018 0.503570313095238
1 0.7054718749226007 0.652110936904762 0.7091171876160991 0.655721875 0.7130421876160992 0.652626561904762 0.7136015622291022 0.6474687499999999 0.7133218749226007 0.6443749999999999 0.709957812383901 0.6387015619047619 0.7063125003095976 0.6304484380952381 0.7049109374613004 0.6304484380952381 0.7035093752321981 0.6325125 0.7015468749226007 0.6392171869047619 0.7029484377708979 0.6464375000000001 0.7054718749226007 0.652110936904762
1 0.6653812501547988 0.6474687499999999 0.670707812383901 0.657784375 0.6701468749226007 0.652110936904762 0.6723906247678019 0.6448906249999999 0.6763156247678018 0.640764063095238 0.6813609374613002 0.6485 0.6833234377708979 0.652110936904762 0.6861281250773994 0.6536578130952381 0.6908937498452012 0.6536578130952381 0.6911734377708979 0.6495328130952381 0.6931359374613004 0.642826561904762 0.6965 0.6397328130952382 0.6998656247678018 0.631996875 0.6956593752321981 0.63354375 0.6934171876160992 0.634059375 0.6869687498452013 0.638185938095238 0.6838843752321981 0.6387015619047619 0.6768765622291021 0.63354375 0.6723906247678019 0.6325125 0.6681843752321982 0.631996875 0.6648203126934985 0.63354375 0.6653812501547988 0.6474687499999999
1 0.2899875003095975 0.6330281249999999 0.2930718749226006 0.6299328130952381 0.29783750030959755 0.6227125 0.30120156222910216 0.619617188095238 0.3003609374613003 0.618585938095238 0.2955953126934985 0.6170390619047619 0.29167031269349847 0.6160078130952381 0.2885859374613003 0.6170390619047619 0.2857828123839009 0.6227125 0.28241874984520127 0.6299328130952381 0.2793343752321982 0.6366375 0.28045625015479875 0.6412796869047619 0.2835390625386997 0.6438593749999999 0.2899875003095975 0.6330281249999999
0 0.16637993003095977 0.623512905952381 0.16308527801857584 0.6284548845238095 0.16308527801857584 0.6325731988095238 0.15979062600619195 0.6391625035714287 0.15649597399380805 0.6506937857142857 0.1639089411764706 0.6589304154761905 0.17955853808049535 0.6589304154761905 0.19191348359133126 0.6564594261904763 0.2092104068111455 0.6490464595238096 0.22897831950464395 0.6375151773809523 0.23721494984520125 0.6218655797619047 0.2351557919504644 0.5922137107142857 0.21579971145510835 0.5584435273809524 0.20426842910216716 0.5609145166666667 0.192737146749226 0.5683274833333333 0.18861883157894738 0.5757404511904762 0.18202952755417956 0.5930373738095238 0.16637993003095977 0.623512905952381
2 0.6192023950464397 0.8265263916666666 0.6168284557275542 0.8324612392857142 0.6176197690402476 0.8356264904761904 0.6211806773993808 0.8427483071428572 0.629885120123839 0.8502657809523809 0.635028653869969 0.8530353761904762 0.6437330965944272 0.8569919404761905 0.6488766309597523 0.8589702226190477 0.6556027913312694 0.8605528488095238 0.6615376383900928 0.8534310321428572 0.6615376383900928 0.8447265892857143 0.663515920743034 0.8308786130952381 0.6631202643962849 0.8237567964285714 0.6587680433436532 0.8114914452380952 0.6544158216718267 0.8039739726190476 0.6504592569659443 0.8035783154761904 0.6449200662538699 0.8103044761904762 0.6413591578947369 0.8138653845238095 0.629885120123839 0.8146566976190477 0.6263242117647059 0.8146566976190477 0.62157633374613 0.8186132619047619 0.6211806773993808 0.8245481095238095 0.6192023950464397 0.8265263916666666
2 0.7070381337461301 0.7485820642857143 0.7078294470588236 0.7529342857142857 0.7117860117647059 0.7608474154761904 0.7066424773993808 0.7695518583333333 0.6939814699690403 0.7695518583333333 0.6864639969040248 0.7711344845238095 0.6872553095975231 0.7774649880952381 0.6975423783281733 0.7924999345238095 0.7117860117647059 0.7889390261904763 0.7232600495356037 0.7778606440476191 0.7264253015479877 0.766782263095238 0.73038186625387 0.7608474154761904 0.7276122712074303 0.7529342857142857 0.7264253015479877 0.7517473166666667 0.7240513628482973 0.7505603464285714 0.7185121721362229 0.7493733773809524 0.7161382328173375 0.7481864083333334 0.7070381337461301 0.7438341869047619 0.7070381337461301 0.7485820642857143
