1 0.5100831811071203 0.5960084527648251 0.5021745641698772 0.5961937673273625 0.5011186339710321 0.5511332123369431 0.5090271888673215 0.550947898499878
2 0.6116842909708566 0.7190835100257965 0.6382879387078901 0.7169563925816865 0.6467522624813 0.8228002186029802 0.6201486177508286 0.8249273094165753
2 0.6438546874999247 0.7311171875000032 0.6678580751009804 0.728049408784267 0.6772357150256312 0.8014104840134294 0.6532323325159268 0.8044782360898476
2 0.3095104032947802 0.7629751395034247 0.32652976737108474 0.7642933047156665 0.3244094703701421 0.7916643158712606 0.30739010680167667 0.7903461549448115
2 0.2688913006858229 0.35349946458374826 0.2891336647068101 0.3490013505251521 0.29986660566055434 0.39729963262126017 0.2796242457857261 0.4017977340092421
1 0.4854372099586044 0.6477307429890304 0.4624967441715171 0.6552896301276228 0.4554507143303681 0.6339081426093934 0.478391087222235 0.6263492720185416
1 0.5244268955696043 0.6221543163390203 0.5367998722687162 0.6229278985363216 0.5346587864440835 0.657169057417351 0.5222858099906489 0.6563954778024405
1 0.7671679927760806 0.4695934370963245 0.7756211963560418 0.46677463230606175 0.7904520302190576 0.5112470702262093 0.7819988313066233 0.5140658651619301
2 0.5881696377060734 0.8247767857774857 0.6130900262518253 0.8256666045938748 0.6116071421874949 0.8671874999999987 0.5866867538895804 0.8662976859511373
1 0.42219570528084205 0.6399149154480828 0.42981287506711396 0.6451484173281501 0.42456621859025745 0.6527837574877497 0.4169490527254993 0.647550260379425
1 0.39956261507040836 0.6624516250145949 0.3926050318171974 0.6609963154043991 0.3978974010198044 0.635697775776842 0.40485494990275583 0.6371530816767081
