1 0.3354406247678019 0.5310140619047619 0.3321281250773994 0.5416796880952381 0.3341156247678018 0.55634375 0.34074062476780187 0.5550109369047619 0.34074062476780187 0.5310140619047619 0.33809062476780183 0.527014061904762 0.3354406247678019 0.5310140619047619
1 0.35200156222910217 0.5656765630952381 0.3506765622291022 0.553678125 0.34670156222910214 0.549678125 0.34272656222910214 0.5590109369047619 0.34272656222910214 0.5763421869047619 0.34670156222910214 0.5763421869047619 0.35200156222910217 0.5656765630952381
1 0.37452343777089786 0.581675 0.37452343777089786 0.5550109369047619 0.3698875003095975 0.5470125 0.36524999999999996 0.55634375 0.36524999999999996 0.5910078130952381 0.37452343777089786 0.581675
1 0.3890968749226006 0.6070046880952381 0.3924093752321981 0.6070046880952381 0.39042187492260066 0.5830078119047619 0.38777343777089784 0.5696765630952382 0.3864484377708978 0.553678125 0.3811484377708978 0.5390125 0.3765109374613003 0.5510125 0.3758484377708978 0.5696765630952382 0.3791609374613003 0.592340625 0.3824734377708979 0.6016734380952381 0.3890968749226006 0.6070046880952381
1 0.561992187616099 0.5870078130952381 0.5626546873065016 0.571009375 0.5606687498452013 0.5616765619047619 0.5586812501547987 0.567009375 0.5580187498452013 0.5763421869047619 0.561992187616099 0.5870078130952381
1 0.5898156247678018 0.5736765630952381 0.5971015622291022 0.588340625 0.5984265622291022 0.56434375 0.5984265622291022 0.549678125 0.5977640625386997 0.5310140619047619 0.5951140625386997 0.5310140619047619 0.5891531250773994 0.540346875 0.5871656247678019 0.5616765619047619 0.5898156247678018 0.5736765630952381
1 0.7064031250773993 0.648334375 0.7110406247678019 0.664332811904762 0.7117031250773993 0.653667188095238 0.7064031250773993 0.648334375
1 0.37055000000000005 0.6936625000000001 0.371875 0.6816640630952381 0.36856250030959753 0.669665625 0.35995 0.669665625 0.358625 0.68033125 0.3579625003095975 0.696328125 0.35995 0.71499375 0.36260000000000003 0.70699375 0.36657500000000004 0.700328125 0.37055000000000005 0.6936625000000001
1 0.3228546873065015 0.6736640630952381 0.3235171876160991 0.6896625000000001 0.3281531250773994 0.68033125 0.3228546873065015 0.6736640630952381
1 0.22017656222910217 0.6283359369047619 0.21818906253869969 0.613671875 0.21289062476780185 0.632335936904762 0.21620156222910217 0.63366875 0.22017656222910217 0.6283359369047619
0 0.174467866873065 0.7502472095238095 0.18540350340557274 0.7236999714285713 0.1979014761609907 0.6955910333333334 0.20258824582043344 0.6674821547619048 0.1838412866873065 0.6471812404761905 0.17134343343653252 0.6237571654761904 0.1525964743034056 0.6534278047619048 0.14947204086687307 0.6909062297619047 0.14947204086687307 0.7268231345238095 0.15078121424148608 0.7601562511904761 0.174467866873065 0.7502472095238095
0 0.7524819517027864 0.45699579999999995 0.7601730117647059 0.4848644226190476 0.7707482377708977 0.4704496071428571 0.7794005882352941 0.4887083880952381 0.7899758142414861 0.4646836952380952 0.8024736216718267 0.4031804666666666 0.7754807473684211 0.3656250011904762 0.7563275547987616 0.42912714166666666 0.7524819517027864 0.45699579999999995
0 0.8120874105263158 0.6049878869047619 0.7918985424148607 0.6136368642857143 0.7774778600619194 0.6088319261904762 0.7659413430340557 0.6443884059523809 0.7822847541795666 0.738565230952381 0.8031249777089784 0.7694711547619048 0.8168943046439628 0.6703350452380953 0.8120874105263158 0.6049878869047619
