0 0.2540169233807319 0.4350800533919908 0.19866374863840974 0.4065908819856319 0.26406903832730677 0.2795174684019608 0.31942150545660297 0.30800641988539595
1 0.49377953069688374 0.5984445725766661 0.4791233345117689 0.5999507567514886 0.4751542640904063 0.5613324927303492 0.4898103601975663 0.5598263137505827
1 0.5333900455296998 0.6144680277337737 0.5002809971848592 0.6177636219653808 0.4938420062400155 0.553079316225351 0.5269506755356588 0.5497837409679541
1 0.21384425830444798 0.5247328973718629 0.21707544096670972 0.5144373155779786 0.2535903315657606 0.5258962222609069 0.25035918591356676 0.536191772527753
1 0.30112644813175393 0.5808413202768151 0.29569749656286604 0.5867659016363151 0.27804886833052933 0.5705953197784481 0.2834778098941797 0.5646707509225459
1 0.556467401562486 0.5556025203125031 0.5607431531706197 0.5548197461309836 0.5642768735889376 0.574120148511379 0.5600011223376669 0.5749029213719941
1 0.7716637627582941 0.4251200962390573 0.7644969359662355 0.4294594841556393 0.7501822971753427 0.405819010037786 0.7573491046875915 0.40147962968747464
1 0.7260692171875007 0.5774591015625021 0.7388003102327048 0.5719907576446238 0.7489606138353793 0.5956429614714006 0.7362295281587876 0.6011112927911262
1 0.3859368120382669 0.6899809336511016 0.3726151377139786 0.6819628127305962 0.3881583282793599 0.6561423232905731 0.40147993890082034 0.6641604193841567
1 0.3833292159455368 0.6582592737615558 0.37467738420320984 0.6587147836059012 0.37357959374992333 0.6378659421875013 0.3822313899617029 0.6374104332794328
