1 0.6417812652059638 0.5189984359022436 0.6382175388122278 0.5193728921060092 0.6351581645603801 0.49025883035693774 0.6387218749999874 0.4898843750000058
1 0.6494281359084653 0.5157640625 0.642698431635722 0.5157640625 0.6426984466226031 0.4860031250000001 0.6494281202274124 0.4860031250000001
1 0.6627281250000578 0.5615328124999986 0.6725640524822438 0.5606333242400046 0.6744939052980499 0.5817342352029115 0.6646579780449429 0.5826337218030921
1 0.6644851766216107 0.5878245471260793 0.6560046273157241 0.5882697911165046 0.6547586822445055 0.564540361958803 0.6632391961459234 0.5640951189015524
0 0.22375756755980092 0.2598736654054146 0.2818703294420857 0.2549941479076528 0.29563682954051274 0.41894156192475657 0.23752407336519354 0.4238210377214434
0 0.26837348357014434 0.5997720032948897 0.18794600532828554 0.6173350032907465 0.167827856482063 0.5252128717198362 0.24825405320166283 0.507650018560248
0 0.788612453913629 0.6389470292775519 0.7293706441141694 0.6551021737992694 0.6930827511255302 0.5220438435857027 0.7523232011404843 0.5058888941222138
0 0.6941719316793069 0.2436846063860786 0.7400784578326238 0.24191902983583485 0.7462677184216773 0.4028406732258996 0.7003611933145066 0.404606235861555
2 0.29118701981440154 0.7517314805505872 0.2583572740522868 0.7573585233073602 0.24762261261287222 0.6947381837963676 0.280451905887503 0.6891111808266573
1 0.5092646614482419 0.5906919168689223 0.5272093322849969 0.5950248613012363 0.5185821312500138 0.6307499593750037 0.500637465471641 0.6264170297231119
1 0.5167956747234257 0.5975382427153944 0.5386685589180615 0.5956473632999099 0.5411310324128635 0.6241290195859955 0.5192581489095573 0.6260198939793462
