1 0.27604374984520125 0.509579686904762 0.27453437523219815 0.5400765619047619 0.2726484377708978 0.5629484369047619 0.2809468749226006 0.5781953130952381 0.28849062476780185 0.577503125 0.28999843777089784 0.5733437499999999 0.2926390625386997 0.558096875 0.30018281238390093 0.5463140630952381 0.2990515622291022 0.53453125 0.2979187498452012 0.519284375 0.2960343752321981 0.4977984380952381 0.2918843752321981 0.4964125 0.28471874984520124 0.4971046869047619 0.27981562476780186 0.4880953119047619 0.27604374984520125 0.509579686904762
1 0.3846687498452013 0.525521875 0.38052031269349845 0.5165109380952381 0.37260000000000004 0.5227484380952381 0.36995937523219813 0.537303125 0.3692046873065016 0.54839375 0.3654328123839009 0.563640625 0.3654328123839009 0.5733437499999999 0.3718453126934984 0.58096875 0.37410781238390095 0.5885921880952381 0.3786343752321981 0.5913640619047619 0.3816515622291021 0.590671875 0.3824062501547988 0.5768093750000001 0.3816515622291021 0.560175 0.38391562476780183 0.5504718749999999 0.39070468730650154 0.5393828119047619 0.3846687498452013 0.525521875
1 0.39835 0.5616296869047619 0.39319687492260064 0.5531078119047619 0.39113593746130026 0.56115625 0.38778750030959747 0.5739375 0.38855937523219813 0.581984375 0.3921671876160991 0.580090625 0.39603125015479873 0.5753578119047619 0.3986062501547988 0.5706234380952381 0.39835 0.5616296869047619
1 0.6958468749226007 0.514160936904762 0.6918656247678019 0.5180343749999999 0.6885875003095976 0.5275015630952381 0.6899921876160992 0.535248438095238 0.6918656247678019 0.54385625 0.694442187616099 0.5460078130952382 0.6939734377708978 0.536109375 0.6951453126934984 0.5244890619047619 0.6958468749226007 0.514160936904762
1 0.7200875003095976 0.6746375 0.7260390625386997 0.6720328119047619 0.7291562501547988 0.666826561904762 0.7328406247678019 0.6584937500000001 0.739075 0.645476561904762 0.7379406247678019 0.630375 0.7362406247678018 0.613190625 0.7317062501547987 0.60381875 0.7319906247678019 0.6116296869047619 0.7319906247678019 0.621523436904762 0.7336906247678019 0.637145313095238 0.7311406247678018 0.645996875 0.7263218749226006 0.6564109380952381 0.7223546873065015 0.654328125 0.7175374996904025 0.6548499999999999 0.7118703126934984 0.66005625 0.7059187498452012 0.657453125 0.6974187498452012 0.652767188095238 0.7016687498452012 0.659015625 0.7101703126934984 0.6683875 0.7149874996904024 0.673595311904762 0.7200875003095976 0.6746375
1 0.6951515622291022 0.665784375 0.6971343752321981 0.6704718749999999 0.6991187498452013 0.6746375 0.7047859374613004 0.6772406249999999 0.694017187616099 0.650682811904762 0.688632812383901 0.637145313095238 0.6841 0.6329781250000001 0.6826828123839009 0.64183125 0.6841 0.652767188095238 0.68835 0.660578125 0.693167187616099 0.659015625 0.6951515622291022 0.665784375
1 0.30375468730650157 0.6286046880952381 0.29379843777089787 0.641565625 0.283425 0.656051563095238 0.27803281238390093 0.6758734380952381 0.2821812501547987 0.691121875 0.29711718761609907 0.701032811904762 0.30582968730650156 0.693407811904762 0.3162015622291022 0.688071875 0.32284062476780184 0.669775 0.32284062476780184 0.6583390619047619 0.3178609374613003 0.641565625 0.3157875003095975 0.6125953119047619 0.3095640625386997 0.61488125 0.30375468730650157 0.6286046880952381
2 0.24008192507739937 0.7908489166666667 0.24633091145510838 0.7924104976190476 0.27445128978328176 0.7643016785714286 0.2682023034055728 0.7970953607142858 0.282262492879257 0.8049033857142857 0.2900736959752322 0.8002185238095239 0.2963226823529412 0.7689864226190476 0.25234371393188854 0.7484375011904761 0.24008192507739937 0.7752328666666667 0.24008192507739937 0.7908489166666667
2 0.3666626656346749 0.3889698869047619 0.37291162786377713 0.3877205976190476 0.3760361089783282 0.40770914761904764 0.38540955294117646 0.40770914761904764 0.3810352984520124 0.38209881071428575 0.3704120334365325 0.36648275952380954 0.3579141083591331 0.3671074285714286 0.354789627244582 0.39521630714285716 0.36578123591331274 0.4110937511904762 0.3666626656346749 0.3889698869047619
2 0.2947995975232198 0.4102077011904762 0.2866759269349845 0.38209881071428575 0.2935498241486068 0.379600269047619 0.301048559752322 0.39771486071428575 0.3097971170278638 0.3902191523809524 0.28917552136222907 0.3596116952380952 0.27855230464396286 0.36460883809523814 0.2723033424148607 0.38147416547619045 0.2767187356037152 0.4118750011904762 0.2947995975232198 0.4102077011904762
