1 0.46413249716192695 0.5403252472192549 0.45652075299221906 0.5413178349821486 0.45104299385377544 0.4993144594221415 0.45865468750002947 0.4983218749999964
1 0.47187501423331923 0.5281734375 0.46165936558043086 0.5281734375 0.46165938912918136 0.5005328125 0.47187499330163973 0.5005328125
1 0.627532243709652 0.49928668109021473 0.6195133302226168 0.5000125787438532 0.6169647059587078 0.47186006396690433 0.6249835859911173 0.47113416784068407
1 0.6397446683083672 0.5050734144829875 0.6305055693316035 0.5057002628819622 0.6271826556452424 0.4567269715930601 0.6364216890947318 0.4561001254093846
1 0.5984187493310174 0.573385937448095 0.6051140809379376 0.5739054043735827 0.6034942660670595 0.5947808054511486 0.5967989345712112 0.5942613394929661
1 0.34875555295684535 0.5739611569342544 0.3851975674682535 0.5736144969741876 0.3857368392710896 0.6302984101216292 0.3492948247867389 0.6306450682859995
1 0.34610681273773025 0.622387884047221 0.33808245947818705 0.6216907410336648 0.3414690302324743 0.5827149163122848 0.3494933262671793 0.5834120568279809
1 0.3028956733130599 0.4617818171871942 0.30935455143139734 0.4617976905427913 0.30928924843067307 0.4883677155125312 0.302830370312563 0.48835184218750016
1 0.32934073750000004 0.46329983906249994 0.3354118109375 0.46329983906249994 0.3354118109375 0.4887563984375 0.32934073750000004 0.4887563984375
1 0.3046187785178063 0.49939348429556213 0.2963007565025464 0.5006112248928684 0.2907970748046864 0.46301975813975005 0.2991150513081493 0.46180202092388445
