1 0.31442187492260065 0.546521875 0.31385468730650157 0.5585 0.3152718749226006 0.5673515619047619 0.32037343777089783 0.564226561904762 0.3229234377708978 0.551209375 0.3217890625386997 0.546521875 0.31555468730650155 0.541315625 0.31442187492260065 0.546521875
1 0.33737500000000004 0.549646875 0.33709218761609905 0.5574578130952381 0.33709218761609905 0.5631859380952381 0.3419093752321981 0.564226561904762 0.3433265622291022 0.5590203130952381 0.34502656222910216 0.54704375 0.34020937523219813 0.546521875 0.33737500000000004 0.549646875
1 0.4161531250773994 0.574120313095238 0.41360312507739944 0.5699546880952381 0.4104859374613003 0.5814109380952381 0.41077031269349845 0.5933875 0.4116203126934984 0.602760936904762 0.4161531250773994 0.5965125 0.42040468730650155 0.58818125 0.41870468730650157 0.5803703130952381 0.4161531250773994 0.574120313095238
1 0.40935312507739935 0.5965125 0.41105312507739933 0.5829734380952382 0.4073687498452012 0.5689140619047619 0.4034015622291022 0.574120313095238 0.40255156222910216 0.58349375 0.40396874984520126 0.589221875 0.40311874984520124 0.5970328130952381 0.4048187498452012 0.602240625 0.40708593746130034 0.60484375 0.40935312507739935 0.5965125
1 0.6405874996904025 0.5121546880952381 0.6388874996904025 0.5204859380952381 0.6403046873065015 0.5324625000000001 0.6456890625386996 0.5251734380952381 0.6488062501547989 0.52100625 0.6465390625386996 0.5095515619047619 0.6425718749226007 0.50590625 0.6405874996904025 0.5121546880952381
1 0.667792187616099 0.6470234380952381 0.670625 0.654832811904762 0.6740265622291021 0.660040625 0.6777093752321982 0.656917188095238 0.6808265622291022 0.649626561904762 0.6813937498452013 0.637128125 0.6757265622291021 0.627234375 0.6731765622291022 0.6215078130952381 0.6683578123839009 0.6157796869047619 0.6632578123839009 0.6225484369047619 0.6615578123839009 0.6308796869047619 0.6635406247678018 0.6376499999999999 0.667792187616099 0.6470234380952381
1 0.6584406247678019 0.62619375 0.6561734377708979 0.630359375 0.6539062501547989 0.6386906250000001 0.6575906247678018 0.6470234380952381 0.6598578123839008 0.6522296880952381 0.663825 0.6537921880952381 0.6618406247678018 0.6386906250000001 0.6612734377708979 0.632442186904762 0.6584406247678019 0.62619375
1 0.6159343752321982 0.665248438095238 0.6184843752321981 0.650146875 0.616217187616099 0.6444187499999999 0.6105499999999999 0.642335938095238 0.6094156247678019 0.651709375 0.6131 0.663165625 0.6159343752321982 0.665248438095238
1 0.28155 0.64754375 0.2801328123839009 0.6610828119047619 0.28325 0.6595203119047619 0.29005156222910217 0.657957811904762 0.29260156222910216 0.6543125 0.29260156222910216 0.6465015619047619 0.29175156222910215 0.640253125 0.28806718761609906 0.6329625 0.28551718761609907 0.634004686904762 0.2841 0.6355671869047619 0.28211718761609905 0.6392125 0.28155 0.64754375
1 0.2801328123839009 0.619423436904762 0.27333281238390095 0.6225484369047619 0.2710656247678019 0.6308796869047619 0.26936562476780185 0.6454609380952381 0.27219843777089786 0.6532718750000001 0.27815 0.651189061904762 0.2812671876160991 0.6397328130952382 0.28268437523219814 0.62931875 0.2801328123839009 0.619423436904762
0 0.17362173498452013 0.7042886273809523 0.20486654736842103 0.6771891333333334 0.22257190897832818 0.6427935690476191 0.21007401609907123 0.612567175 0.18195371702786378 0.5844253678571428 0.1652897535603715 0.608398044047619 0.15695785139318885 0.6521741440476191 0.13612797647058822 0.6949080119047618 0.13567705944272446 0.7255208345238096 0.17362173498452013 0.7042886273809523
