1 0.485805003508176 0.5853966024722316 0.4929920102779306 0.5844294137982633 0.4961641109239281 0.6079981981422447 0.48897710457356425 0.6089653847248867
1 0.38014583368715194 0.7003637351808321 0.3708498627162271 0.6970025813994629 0.38148948468756316 0.667580810523751 0.3907854006600928 0.6709419533692208
1 0.5574176866833795 0.719669088814111 0.5450377918534741 0.722194737836116 0.5370858321631431 0.6832225132927232 0.5494656250000389 0.680696874999993
1 0.5526377581948054 0.6699735072571369 0.5651010778963155 0.6694617493048279 0.5669576574039183 0.714670270433846 0.5544943378557718 0.7151820259437944
1 0.6060125898708293 0.7024609374999998 0.5895014929368472 0.7024609374999998 0.5895015906229446 0.6472156250000001 0.6060125000000198 0.6472156250000001
2 0.6249522870573401 0.7638489970162167 0.6432037969328803 0.7578490501936971 0.6651469917794657 0.8245864723184402 0.6468955054280059 0.8305863680808155
0 0.21201160503517258 0.5806310687956261 0.2999237659150822 0.602904541088672 0.2672461263318837 0.731864771743324 0.17933407401926615 0.7095915964487566
2 0.2796612382197736 0.7889621585909993 0.265821227754941 0.8055670894791871 0.24552049784040264 0.7886498333898024 0.25936047672144014 0.772044955224914
0 0.69237913601728 0.27097757014949275 0.7331589585319307 0.2706650935178143 0.7344792028762868 0.44295797284622707 0.6936993804363283 0.44327044659424647
0 0.2572115619354918 0.309108102739526 0.30582060456390536 0.3065830758899033 0.31398204064578294 0.4636917172257625 0.26537299970152617 0.46621672099451467
