1 0.48837968730650155 0.6045265619047618 0.4908562501547988 0.6087125 0.4933328123839009 0.6053640619047619 0.49457031269349844 0.59615625 0.4929203126934985 0.5844390619047619 0.48755468730650153 0.58695 0.4871406247678019 0.5953203119047619 0.48837968730650155 0.6045265619047618
1 0.38725781238390095 0.6806968750000001 0.38767031269349844 0.669815625 0.38147812507739937 0.669815625 0.37735156222910216 0.6790234369047619 0.3752875003095975 0.6907421869047619 0.3790015622291022 0.69995 0.3827171876160991 0.693253125 0.38725781238390095 0.6806968750000001
1 0.5544187498452012 0.704971875 0.5523546873065015 0.694926563095238 0.5494656247678018 0.6806968750000001 0.5457515622291021 0.681534375 0.5420359374613003 0.693253125 0.5420359374613003 0.7074828119047619 0.5474015622291022 0.7217125000000001 0.5523546873065015 0.7192015619047619 0.5544187498452012 0.704971875
1 0.5540062501547988 0.7032968749999999 0.5585468749226007 0.7150156249999999 0.5622609374613003 0.7091562499999999 0.565975 0.6907421869047619 0.5634984377708978 0.6781859369047619 0.556482812383901 0.669815625 0.5531812501547987 0.683207813095238 0.5540062501547988 0.7032968749999999
1 0.6051859374613002 0.683207813095238 0.6047734377708979 0.6723265619047619 0.6060125003095975 0.647215625 0.5936296873065016 0.6497265619047619 0.5895015622291022 0.663120311904762 0.5932171876160991 0.6857203130952381 0.6002328123839009 0.7024609369047619 0.6060125003095975 0.7016234369047619 0.6051859374613002 0.683207813095238
2 0.6468734377708978 0.771096875 0.6410953126934985 0.7585421869047619 0.6423328123839009 0.77611875 0.6443968749226007 0.786164063095238 0.636967187616099 0.7928609369047619 0.6320140625386997 0.7853265619047619 0.6377937498452013 0.8029046880952381 0.6452234377708979 0.818807813095238 0.6547156247678019 0.828015625 0.6592562501547987 0.82131875 0.6600812501547988 0.8104375 0.6547156247678019 0.7928609369047619 0.6468734377708978 0.771096875
0 0.21588016408668728 0.6551528047619047 0.21034477523219816 0.65396665 0.20243707678018577 0.6567343452380952 0.1969016879256966 0.6571297297619048 0.19452937832817335 0.6575251142857143 0.19136629907120745 0.6638512738095239 0.18701706501547988 0.6792712845238096 0.18780783467492262 0.6875743678571428 0.19611091826625388 0.6895512928571428 0.2131124693498452 0.6994359154761904 0.22853248111455107 0.7112974630952381 0.24513864767801857 0.7243451654761904 0.2625355839009288 0.7306713238095238 0.26965251269349844 0.7223682404761904 0.27439713126934984 0.699040530952381 0.27914175046439627 0.658711269047619 0.2811186749226006 0.6432912583333333 0.27439713126934984 0.635778944047619 0.2664894334365325 0.6302435559523809 0.25976788978328175 0.6266850916666666 0.25146480619195044 0.6251035511904762 0.2447432625386997 0.6223358571428571 0.23841710402476782 0.6187773928571428 0.23406786996904025 0.6148235440476191 0.22932325077399382 0.6053343059523809 0.22616017151702786 0.5990081476190476 0.22339247739938078 0.5911004488095238 0.21943862848297216 0.58319275 0.21588016408668728 0.5816112107142858 0.20915862043343655 0.5918912190476191 0.20678631083591334 0.6017758416666666 0.20876323529411764 0.6116604642857143 0.21271708482972138 0.625498936904762 0.21667093374613003 0.6369650988095239 0.22299709226006192 0.6496174166666666 0.21588016408668728 0.6551528047619047
2 0.25067403653250775 0.7824667476190476 0.25106942167182666 0.790769830952381 0.25383711578947366 0.7943282952380952 0.2566048105263158 0.7978867595238095 0.26846635789473683 0.802235994047619 0.27123405201238393 0.7990729142857143 0.27597867120743036 0.7919559857142857 0.2775602105263158 0.7872113666666667 0.26807097275541797 0.779303669047619 0.26569866315789475 0.7789082833333334 0.26332635356037154 0.779303669047619 0.25304634613003096 0.7812805928571429 0.25067403653250775 0.7824667476190476
0 0.6939005269349845 0.3372633333333333 0.6935051417956657 0.4179218559523809 0.6994359157894736 0.44322649047619045 0.7172282371517028 0.4384818714285714 0.7310667089783283 0.42780647857142856 0.7342297882352941 0.4104095428571428 0.731462094117647 0.3965710702380953 0.7306713238390093 0.37640643928571427 0.7239497808049535 0.3230294761904762 0.722368240866873 0.2906079130952381 0.7199959312693499 0.2771648261904762 0.710506693498452 0.27083866666666667 0.7073436142414861 0.2712340523809524 0.7018082253869969 0.27914175 0.6986451461300309 0.2898171428571429 0.6958774513931889 0.30128330595238095 0.692714372136223 0.3147263928571428 0.6939005269349845 0.3372633333333333
0 0.30326023034055727 0.35505565476190476 0.30207407554179566 0.33805410238095235 0.2961433015479876 0.32382024642857143 0.29100329783281736 0.31828485714285715 0.27083866749226004 0.30840023452380955 0.26569866315789475 0.30919100357142854 0.2613494291021672 0.31235408333333337 0.25779096470588236 0.32026178214285717 0.26055865944272444 0.3309371738095238 0.2660940482972136 0.34003102738095237 0.27479251640866875 0.3633587369047619 0.2692571275541796 0.39182645119047615 0.26293096904024765 0.41357262142857143 0.26411712383900926 0.4420403357142857 0.274001746749226 0.4633911214285714 0.2969340718266254 0.4645772761904762 0.30800484953560375 0.43927264166666663 0.30998177399380805 0.41357262142857143 0.30998177399380805 0.38668644761904764 0.3072140792569659 0.3653356619047619 0.30326023034055727 0.35505565476190476
