1 0.2644718749226006 0.3542484380952381 0.25930625015479875 0.3606203130952381 0.25370781238390094 0.37245312500000005 0.251125 0.3933875 0.2554296873065015 0.405221875 0.26102812507739936 0.40613125000000005 0.2649031250773994 0.39702968690476187 0.2644718749226006 0.382465625 0.2661937498452012 0.3615296869047619 0.2644718749226006 0.3542484380952381
1 0.38545937523219814 0.4106828119047619 0.3751265622291021 0.39885 0.3682374996904025 0.3879265630952381 0.3587656247678018 0.38610625 0.35790468730650155 0.402490625 0.3604874996904025 0.4243359369047619 0.3656546873065016 0.432528125 0.3725437498452012 0.4334390630952381 0.38373750030959747 0.42615625 0.38545937523219814 0.4106828119047619
1 0.7287093752321983 0.38763593690476195 0.7320187498452012 0.3777265630952381 0.7284328123839009 0.3619875 0.7265031250773993 0.36431875 0.7242968749226005 0.37889218809523806 0.7287093752321983 0.38763593690476195
1 0.6901 0.503053125 0.687342187616099 0.4983890630952381 0.6845843752321981 0.494309375 0.6832062501547987 0.4972234369047619 0.6823781250773995 0.509465625 0.6865156247678018 0.5234546880952381 0.689825 0.5193749999999999 0.6914796873065016 0.5129625 0.6901 0.503053125
1 0.6754843752321981 0.5345296869047619 0.6843093752321981 0.5386109380952381 0.6848609374613004 0.5287015630952381 0.6843093752321981 0.520540625 0.6823781250773995 0.5112140630952381 0.6798968749226006 0.5048015619047619 0.6765875003095975 0.5071328119047619 0.6738296873065015 0.5176265619047619 0.6754843752321981 0.5345296869047619
1 0.6622468749226006 0.511796875 0.6553531250773994 0.5164593749999999 0.6456999999999999 0.5222890619047619 0.6525953126934985 0.5287015630952381 0.6592124996904025 0.5257859380952381 0.663625 0.5211234380952381 0.6677625003095975 0.511796875 0.6622468749226006 0.511796875
1 0.6354968749226007 0.5158765630952381 0.6374265622291022 0.531615625 0.6407359374613002 0.5479375 0.6454249999999999 0.5508515630952381 0.6470796873065016 0.5438578130952381 0.6465281250773994 0.53045 0.6410124996904025 0.5176265619047619 0.6354968749226007 0.5158765630952381
1 0.6294296873065015 0.5438578130952381 0.6346687498452013 0.5450234369047618 0.6360484377708979 0.538028125 0.6349453126934985 0.5310328130952381 0.6327390625386997 0.5211234380952381 0.6308078123839009 0.5176265619047619 0.6269468749226006 0.5240375 0.6261203126934984 0.5345296869047619 0.6294296873065015 0.5438578130952381
1 0.37792031269349846 0.5479375 0.38233281238390093 0.540359375 0.3817812501547988 0.5333640630952381 0.37929999999999997 0.5222890619047619 0.3748875003095975 0.5147109380952382 0.3724062501547988 0.5187921880952381 0.37020000000000003 0.53278125 0.3690968749226006 0.553184375 0.37268125015479875 0.55435 0.37792031269349846 0.5479375
1 0.35972031269349847 0.5386109380952381 0.3630296873065016 0.5461890619047619 0.36523593746130034 0.553184375 0.36716562476780185 0.5479375 0.3693718749226006 0.533946875 0.37020000000000003 0.52170625 0.36468437523219815 0.5211234380952381 0.36109843777089784 0.5246203119047619 0.35972031269349847 0.5386109380952381
1 0.31256249969040245 0.531615625 0.3194562501547987 0.53045 0.32386874984520125 0.525203125 0.3208359374613003 0.5135453119047619 0.31862968730650154 0.498971875 0.3153203126934984 0.5112140630952381 0.31256249969040245 0.531615625
1 0.30290937523219813 0.5257859380952381 0.3078734377708978 0.52811875 0.3122859374613003 0.525203125 0.31559531269349844 0.5176265619047619 0.31476874984520126 0.5042187499999999 0.3120109374613003 0.5013046869047619 0.308425 0.5048015619047619 0.3042890625386997 0.5147109380952382 0.30290937523219813 0.5257859380952381
