1 0.2839585003891898 0.5137711345313036 0.27028362157011543 0.5157987753595494 0.26480053485147437 0.4788221067334004 0.2784753371422539 0.47679447169616973
1 0.43904533325689954 0.5951843750000001 0.4289702958806174 0.5951843750000001 0.4289703377372689 0.5485046874999999 0.4390452929296771 0.5485046874999999
1 0.4655391773857218 0.6006765562561968 0.44838830102560223 0.6016086708488317 0.44398093844267805 0.5205190460804856 0.461131580102915 0.5195869378321436
1 0.47026314413415093 0.5972435147920991 0.4744250936478238 0.5776392826058023 0.5008920363208063 0.583257577747442 0.49673014149630035 0.6028617622256058
1 0.5842708169277557 0.4965327992639759 0.592349778114226 0.49636310126738525 0.5932274888559732 0.5381457173831956 0.5851485276873518 0.5383154148221589
1 0.5934470947886439 0.5011618304539336 0.6185626659089394 0.502897686203929 0.6131381809917684 0.5813761601975336 0.5880226109771911 0.5796403156790623
1 0.605548321739775 0.6539617690030307 0.6118810478529895 0.653870025235452 0.6125962132184668 0.7032283503465668 0.6062634871152568 0.7033200936441959
1 0.3384531110498301 0.6457843738555554 0.3444778044835175 0.6462786290992446 0.3411075056806112 0.6873551906740343 0.3350828124999907 0.6868609374999958
2 0.549158546789954 0.31887028599737205 0.5960337738636099 0.33449472682847875 0.5612981463870028 0.4387015017159897 0.5144229658952781 0.42307715885767594
2 0.43269263858258 0.4302884188413523 0.3682207041509855 0.4384935716617123 0.3545634958550181 0.3311848068354059 0.4190346527136626 0.322979703258569
