1 0.6823734377708979 0.625234375 0.6834374996904025 0.6338406249999999 0.6862062501547987 0.6389265630952381 0.6883343752321982 0.635014061904762 0.6891859374613003 0.6295375000000001 0.6866312501547988 0.625234375 0.6836515622291022 0.621321875 0.6823734377708979 0.625234375
1 0.6830124996904025 0.635014061904762 0.6810968749226007 0.625625 0.6804578123839009 0.61975625 0.6785406247678019 0.6248421880952381 0.6776890625386998 0.6299281250000001 0.683225 0.640492188095238 0.6830124996904025 0.635014061904762
1 0.37792031269349846 0.660835938095238 0.37344843777089787 0.652228125 0.37110625015479876 0.65770625 0.3674875003095975 0.667878125 0.3668484377708979 0.673354688095238 0.3655718749226006 0.6835265619047619 0.3653578123839009 0.692915625 0.36599687492260063 0.7023062499999999 0.367275 0.7050437500000001 0.36982968730650156 0.7034796869047619 0.37579062476780184 0.7023062499999999 0.3766421876160991 0.7015234380952381 0.380475 0.6964375 0.3832421876160991 0.6913515619047619 0.38558437523219813 0.6815703130952381 0.3840937498452013 0.66826875 0.37792031269349846 0.660835938095238
1 0.36472031269349847 0.660835938095238 0.36046250030959753 0.660053125 0.35790625015479877 0.6674859369047619 0.35556562476780185 0.673746875 0.35790625015479877 0.680396875 0.3615265622291022 0.685875 0.3638687498452012 0.6768765630952381 0.36599687492260063 0.6670953119047619 0.36472031269349847 0.660835938095238
1 0.32179843777089784 0.6515375000000001 0.3176843752321981 0.645865625 0.31322656222910217 0.6471265619047619 0.31151250030959754 0.6553171869047619 0.31288437523219814 0.665398436904762 0.3156265622291022 0.668548436904762 0.3211125003095975 0.666659375 0.3241984377708978 0.6584671869047619 0.32179843777089784 0.6515375000000001
1 0.30568281238390094 0.6483859369047619 0.30294062476780187 0.662248438095238 0.30636874984520124 0.668548436904762 0.31082656222910215 0.670439063095238 0.31459843777089785 0.657207811904762 0.31391249969040247 0.646496875 0.30876874984520125 0.6452359380952382 0.30568281238390094 0.6483859369047619
1 0.2826859374613003 0.564128125 0.28580312507739936 0.5675656250000001 0.29110156222910216 0.5618375 0.29546562476780186 0.554390625 0.2973359374613003 0.5475171880952381 0.2951546873065016 0.5354890630952381 0.29266093746130034 0.5268968749999999 0.28954374984520126 0.52116875 0.28549062476780185 0.532625 0.28549062476780185 0.5417890630952381 0.28549062476780185 0.5538171869047619 0.2826859374613003 0.564128125
1 0.6408453126934984 0.55668125 0.6383515622291023 0.5463718750000001 0.6364812501547987 0.536060938095238 0.6324281250773994 0.5457984369047619 0.629 0.55668125 0.6283765622291022 0.564701561904762 0.6346109374613004 0.572146875 0.6408453126934984 0.57959375 0.6430265622291023 0.5704296869047619 0.6408453126934984 0.55668125
1 0.6871156247678019 0.519378125 0.6824312501547988 0.5225093749999999 0.6798765622291021 0.530725 0.6809406247678018 0.538940625 0.6879671876160991 0.5463734369047619 0.6913734377708978 0.5463734369047619 0.6913734377708978 0.5358109369047619 0.6905218749226006 0.5279859380952381 0.6871156247678019 0.519378125
1 0.7003156247678018 0.5373749999999999 0.7018046873065015 0.531115625 0.7011671876160991 0.52094375 0.6939281250773993 0.5135109369047619 0.6920109374613003 0.514684375 0.6913734377708978 0.5229 0.6911593752321982 0.5318984380952381 0.6924375003095975 0.543634375 0.6954187498452012 0.54324375 0.7003156247678018 0.5373749999999999
0 0.19519139566563468 0.7585069142857143 0.20118411393188856 0.7542264011904761 0.21359760185758514 0.7469495285714285 0.23285991021671829 0.7349640928571428 0.24398924458204332 0.6938711666666666 0.25768688606811146 0.6450733178571428 0.2568307839009288 0.6335159333333333 0.25041001424148607 0.6240988047619047 0.2427050904024768 0.620674394047619 0.22943550030959753 0.6159658297619047 0.2208744736842105 0.6108292142857142 0.2114573455108359 0.60612065 0.20632072941176471 0.6065487011904762 0.2007560625386997 0.6116853166666666 0.1960474984520124 0.6193902404761905 0.19305113931888543 0.6356561892857142 0.1926230879256966 0.6630514726190477 0.1900547801857585 0.727259169047619 0.18877062600619193 0.7435251190476191 0.1917669851393189 0.7555105547619048 0.19519139566563468 0.7585069142857143
0 0.7469495294117647 0.6703283452380953 0.7563666575851393 0.7020041416666667 0.7615032736842104 0.7135615273809524 0.765783786377709 0.7204103476190475 0.7739167616099071 0.7246908607142857 0.788470505882353 0.7293994261904762 0.7978876346749226 0.7358201952380953 0.802168147368421 0.731111630952381 0.7974595832817337 0.6908748083333334 0.7957473783281734 0.651066036904762 0.7961754291021672 0.6005559821428571 0.7859021981424149 0.5855741869047619 0.7790533770897833 0.5894266488095238 0.763215478637771 0.6009840333333334 0.7567947089783282 0.6031242904761905 0.7499458885448917 0.6022681880952381 0.7473775801857585 0.60612065 0.7456653752321981 0.6112572654761904 0.74309706749226 0.6198182916666667 0.7413848619195046 0.6339439845238096 0.7413848619195046 0.6446452666666667 0.7413848619195046 0.657486805952381 0.7469495294117647 0.6703283452380953
0 0.25589975665634673 0.4666467333333333 0.2642316588235294 0.4510124 0.2663146941176471 0.41974373452380953 0.2663146941176471 0.3728407345238095 0.21840599752321982 0.4134900166666667 0.20903253808049538 0.4593507035714286 0.22257190897832818 0.46873131904761905 0.23984372631578948 0.4950520845238095 0.25589975665634673 0.4666467333333333
