1 0.22991718761609908 0.454575 0.23464374984520125 0.453784375 0.23765312507739939 0.445884375 0.24238125015479875 0.432453125 0.24367031269349845 0.4206015630952381 0.24066093746130032 0.40322031190476193 0.23593437523219815 0.3929484369047619 0.22776718761609904 0.39136875 0.22304062476780184 0.4079609380952381 0.2226109374613003 0.422971875 0.22432968730650155 0.4395640630952381 0.22991718761609908 0.454575
1 0.2608609374613003 0.459315625 0.26644843777089783 0.43719375 0.26773750030959753 0.4245515630952381 0.2685968749226006 0.41902187500000004 0.26730781238390094 0.409540625 0.26000156222910215 0.4079609380952381 0.25226562476780184 0.4206015630952381 0.24581874984520122 0.4340328119047619 0.24624843777089786 0.444303125 0.25398437523219813 0.4553640619047619 0.2608609374613003 0.459315625
1 0.2668781250773994 0.46721562499999997 0.2746140625386997 0.45615468809523807 0.2780531250773994 0.44035312499999996 0.2819203126934985 0.42218125 0.28278125015479877 0.409540625 0.27375468730650154 0.39690000000000003 0.2711765622291022 0.413490625 0.2651593752321981 0.432453125 0.2617203126934985 0.4482546869047619 0.26129062476780185 0.46484531190476186 0.2668781250773994 0.46721562499999997
1 0.3780374996904025 0.5062531250000001 0.37842812507739937 0.5177453130952381 0.38702343777089787 0.5127171869047619 0.3885859374613003 0.504815625 0.38819531269349844 0.49260624999999997 0.38507031269349845 0.4861421869047619 0.3799906247678018 0.4847046880952381 0.3780374996904025 0.5062531250000001
1 0.6697394947368421 0.4667576797619048 0.6681769950464397 0.4401826797619047 0.6673957448916409 0.4329998666666667 0.6603629325077399 0.43371861666666667 0.6537207448916408 0.4444920547619048 0.6470785572755419 0.46172955476190475 0.6533301195046439 0.47178580476190474 0.6615348074303405 0.48543111666666666 0.6658332445820434 0.48112174166666666 0.6697394947368421 0.4667576797619048
1 0.6969562501547988 0.43930781190476187 0.7008625003095975 0.45151875 0.7090687498452012 0.455828125 0.712975 0.454390625 0.7106312501547988 0.4342796880952381 0.7059421876160992 0.420634375 0.696175 0.427815625 0.6969562501547988 0.43930781190476187
1 0.6746843752321982 0.5520734380952381 0.6797640625386997 0.5520734380952381 0.6825 0.54848125 0.6809359374613002 0.5369890619047619 0.6770296873065016 0.5290890630952381 0.6754656247678018 0.535553125 0.6735124996904025 0.544171875 0.6746843752321982 0.5520734380952381
1 0.6348312501547988 0.5736203130952381 0.6387390625386997 0.562846875 0.6371765622291022 0.553509375 0.6317062501547988 0.54991875 0.6281890625386997 0.55781875 0.6293624996904025 0.5721843750000001 0.6348312501547988 0.5736203130952381
1 0.6293624996904025 0.5664375 0.6266265622291022 0.55781875 0.6223296873065015 0.5563828119047619 0.6207656247678018 0.5664375 0.6215468749226006 0.57649375 0.6285796873065016 0.5815218750000001 0.6293624996904025 0.5664375
1 0.37305156222910213 0.606659375 0.3785218749226006 0.5908578119047619 0.38125625015479875 0.575775 0.37930312507739944 0.563565625 0.3726609374613003 0.5599734369047619 0.3714890625386997 0.56715625 0.36992656222910214 0.579365625 0.36640937523219813 0.589421875 0.3640656247678019 0.6059421880952381 0.37305156222910213 0.606659375
1 0.23240376470588237 0.5026807357142857 0.22838690959752322 0.5089929369047619 0.2209270359133127 0.5233388488095237 0.22207470835913312 0.5319463952380953 0.22207470835913312 0.5491614892857143 0.237568292879257 0.5388324321428571 0.24502816718266252 0.5227650119047619 0.2444543306501548 0.5135836285714286 0.2415851479876161 0.5084191 0.23871596594427244 0.49751620714285716 0.23240376470588237 0.5026807357142857
