1 0.22351905458924648 0.3912471537522624 0.24449339435250295 0.3918475118372693 0.24268735910914074 0.45494052494933374 0.22171301944968036 0.4543401693082466
1 0.2608609563422988 0.45931562975888324 0.24071779922451242 0.45422821036084243 0.25292262855839454 0.40590744634296844 0.27306565974186015 0.41099484908457795
1 0.2719657914161644 0.4683228409200634 0.25801346932280467 0.46528643209270565 0.27293597080063137 0.3967218239385047 0.28688816686474183 0.39975821845749926
1 0.37999062180824694 0.4847046872107263 0.39032388098712545 0.4856412104296043 0.38734078944878547 0.5185530824558131 0.3770075305892533 0.5176165616001112
1 0.6708054240770025 0.48488607775876974 0.6485170662627979 0.48619645808196343 0.6454652347828187 0.4342892135574188 0.66775343205029 0.43297883793982433
1 0.7130879653417423 0.455359749114779 0.6990180296336348 0.4569993771272232 0.6949296087067296 0.4219177194619641 0.7089994783917746 0.42027809534678856
1 0.6829302602686766 0.5516425632077433 0.6746820066214241 0.5527650326511372 0.6715610560081586 0.5298332664507384 0.6798092785318204 0.5287107991594998
1 0.6275713494532056 0.5502564712589487 0.6376434379341163 0.5494338254655025 0.6395873455680885 0.5732318554035265 0.6295152572931784 0.5740544995163892
1 0.6285796980148461 0.5815218755456192 0.6200058892430889 0.5810769767990845 0.6212902248976206 0.556328874206662 0.6298639970112845 0.5567737720017468
1 0.3726609211620371 0.5599734340320058 0.3845428377412645 0.5624955674291676 0.3748343734724813 0.6082280236142127 0.3629524601471985 0.6057059007101778
1 0.23087569315555356 0.5532473146086291 0.21126734632264288 0.5441442053091475 0.2339445899048087 0.4953011046962972 0.253552793923177 0.5044041754370187
