1 0.48052343777089784 0.619275 0.4801828123839009 0.629651561904762 0.4801828123839009 0.646253125 0.4849578123839009 0.648328125 0.4880281250773994 0.63656875 0.4883687498452013 0.62135 0.4825703126934984 0.6123562499999999 0.48052343777089784 0.619275
1 0.500307812383901 0.6600890619047619 0.5088359374613003 0.6580125 0.5095187498452013 0.650403125 0.5102 0.6317265630952381 0.5064484377708979 0.6171984380952381 0.5026953126934984 0.620657811904762 0.49996718761609904 0.631034375 0.4982609374613003 0.646253125 0.500307812383901 0.6600890619047619
1 0.5204343752321982 0.6476359380952381 0.5214562501547988 0.628959375 0.515657812383901 0.619965625 0.510542187616099 0.6227328119047618 0.510542187616099 0.63864375 0.5102 0.6510953130952382 0.510542187616099 0.66493125 0.5136109374613004 0.6621640630952381 0.5187281250773994 0.6559375 0.5204343752321982 0.6476359380952381
1 0.5709187498452012 0.659396875 0.5801281250773994 0.66493125 0.5838796873065015 0.665621875 0.5842218749226006 0.6545546880952381 0.5825156247678018 0.6372609380952381 0.5797875003095975 0.619275 0.5743296873065016 0.627575 0.5698953126934985 0.64071875 0.5709187498452012 0.659396875
1 0.8100374996904025 0.5120515630952381 0.8110609374613003 0.504440625 0.80765 0.4975234380952381 0.802532812383901 0.498215625 0.7933234377708978 0.5072078119047618 0.7895703126934984 0.51896875 0.7936640625386996 0.52104375 0.7957109374613003 0.5217359380952381 0.8015093752321981 0.5196609380952382 0.806967187616099 0.5148171880952381 0.8100374996904025 0.5120515630952381
1 0.7622812501547989 0.637951561904762 0.7578468749226006 0.6400265630952381 0.7571656247678019 0.648328125 0.7581890625386997 0.6552453130952381 0.7598937498452012 0.657321875 0.7646687498452013 0.6545546880952381 0.7673984377708979 0.6510953130952382 0.7660343752321982 0.642103125 0.7622812501547989 0.637951561904762
1 0.7448843752321982 0.66700625 0.751025 0.676690625 0.7575062501547988 0.678075 0.7581890625386997 0.6683890619047619 0.7578468749226006 0.6524796869047619 0.7544359374613003 0.646253125 0.7506843752321981 0.6427937499999999 0.7486374996904024 0.644178125 0.7435203126934985 0.6580125 0.7448843752321982 0.66700625
1 0.6947421876160991 0.675307813095238 0.6909890625386996 0.6829171869047619 0.6916718749226006 0.6946765619047619 0.6967890625386997 0.7002109369047619 0.6988343752321982 0.6877593750000001 0.6978109374613004 0.6773828119047619 0.6947421876160991 0.675307813095238
0 0.8111979164086687 0.3463541666666667 0.7773437498452012 0.40234375 0.786458333126935 0.4466145833333333 0.8085937498452012 0.45703125 0.8463541665634675 0.4192708333333333 0.8111979164086687 0.3463541666666667
0 0.333333333126935 0.3932291666666667 0.333333333126935 0.3515625 0.3164062501547988 0.3216145833333333 0.26692708359133127 0.3828125 0.3007812501547988 0.4505208333333333 0.333333333126935 0.3932291666666667
0 0.8768579547987616 0.6767181916666666 0.8768579547987616 0.643876780952381 0.8768579547987616 0.5766300452380952 0.8721691653250775 0.5281497964285714 0.8471625640866873 0.5265859428571429 0.8096526030959753 0.5594273535714286 0.8127783839009287 0.6079076023809523 0.8519530891640866 0.6644531261904761 0.8768579547987616 0.6767181916666666
