1 0.27426562476780186 0.3920125 0.2697359374613003 0.38859374999999996 0.2661781250773994 0.38790937500000006 0.26100156222910215 0.39611562499999997 0.2671484377708978 0.4029546880952381 0.2713531250773994 0.4070578119047619 0.2771765622291022 0.4132125 0.2784703126934985 0.40979374999999996 0.2787937498452013 0.4002203130952381 0.27426562476780186 0.3920125
1 0.29561562476780184 0.436465625 0.2982031250773994 0.44330312499999996 0.3020859374613003 0.44672343809523807 0.3098484377708978 0.44809062499999996 0.31049531269349845 0.4426203130952381 0.3082312501547988 0.43372968690476194 0.30337968730650156 0.42962656309523806 0.3001437498452012 0.42757500000000004 0.3001437498452012 0.41936875 0.2985265622291022 0.40637500000000004 0.2946453126934984 0.4152640630952381 0.29335156222910214 0.42620625 0.29561562476780184 0.436465625
1 0.3460796873065015 0.4330453119047619 0.34155 0.44740625 0.34316874984520124 0.4583484380952381 0.3480203126934985 0.45287812499999996 0.34866718761609905 0.4426203130952381 0.3460796873065015 0.4330453119047619
1 0.3599890625386997 0.4501421880952381 0.3629 0.47612968690476193 0.3680765622291022 0.4795484380952381 0.3735765622291022 0.47202656190476194 0.3758406247678019 0.46313593690476185 0.37745781238390097 0.4392 0.37325156222910216 0.4125296880952381 0.36548906253869967 0.4282578119047619 0.3599890625386997 0.4501421880952381
1 0.3337874996904025 0.435096875 0.33443437523219816 0.44672343809523807 0.33702187492260066 0.4542453119047619 0.3402562501547987 0.4501421880952381 0.34155 0.42962656309523806 0.33734531269349843 0.42689062499999997 0.3337874996904025 0.435096875
1 0.6930609374613003 0.4016421869047619 0.6899515622291021 0.42135625000000004 0.6930609374613003 0.442009375 0.6997234377708977 0.44858125 0.7006109374613003 0.4251109380952381 0.695725 0.40821250000000003 0.6930609374613003 0.4016421869047619
1 0.7516874996904025 0.3894375 0.7556843752321982 0.3950703119047619 0.75835 0.396009375 0.7641234377708979 0.3931921869047619 0.7694531250773994 0.38005 0.7752265622291021 0.37066093690476193 0.7801124996904025 0.35470156190476193 0.7761156247678018 0.3406203119047619 0.7690093752321981 0.3453140619047619 0.7632343752321982 0.36784531190476194 0.7565734377708978 0.36784531190476194 0.7481343752321982 0.36690625000000004 0.7476906247678019 0.3809875 0.7516874996904025 0.3894375
1 0.3531796873065015 0.5492046869047619 0.3578515622291022 0.53791875 0.35885156222910214 0.530865625 0.3545140625386997 0.51464375 0.3485078123839009 0.518875 0.34683906253869967 0.5245171869047619 0.34483750030959753 0.5336875 0.34483750030959753 0.552025 0.3498421876160991 0.5569625 0.3531796873065015 0.5492046869047619
1 0.2874421876160991 0.5294546880952381 0.2901124996904025 0.53791875 0.2954515622291022 0.5301609380952381 0.30045625015479877 0.5181703130952381 0.30045625015479877 0.508295313095238 0.2954515622291022 0.5033578119047619 0.2901124996904025 0.507590625 0.286775 0.516759375 0.2874421876160991 0.5294546880952381
2 0.6497395832817336 0.6575520833333334 0.682291666873065 0.65625 0.6796874996904025 0.6067708333333334 0.6445312501547988 0.6184895833333334 0.6497395832817336 0.6575520833333334
