1 0.2770046873065016 0.5378265630952381 0.2830296873065015 0.5452078119047619 0.2870453126934984 0.5470515619047619 0.2915640625386997 0.539671875 0.2910625003095975 0.527679686904762 0.29256718761609907 0.5055390630952381 0.28855156222910217 0.4806328119047619 0.2785109374613003 0.4815546880952381 0.2729890625386997 0.49354687500000005 0.27047968730650157 0.5138421869047619 0.27198437523219815 0.527679686904762 0.2749968749226006 0.533214061904762 0.2770046873065016 0.5378265630952381
1 0.3779109374613003 0.5184546869047619 0.3809234377708979 0.511075 0.38042031269349846 0.5000046880952381 0.37540156222910215 0.4870890630952381 0.36586249969040247 0.484321875 0.3543156247678019 0.4870890630952381 0.34979843777089786 0.4972375 0.3503 0.523067186904762 0.3533124996904025 0.5313703130952381 0.36134374984520123 0.525834375 0.36586249969040247 0.5203 0.3779109374613003 0.5184546869047619
1 0.4070281250773994 0.5433625000000001 0.4090359374613003 0.5415171880952381 0.4095374996904025 0.525834375 0.4070281250773994 0.502771875 0.40200781238390093 0.49077968690476187 0.39046093746130034 0.49354687500000005 0.38594374984520124 0.5009265630952381 0.38242968730650156 0.5156875 0.3854406247678019 0.527679686904762 0.3919671876160991 0.535059375 0.39899531269349847 0.5433625000000001 0.4070281250773994 0.5433625000000001
1 0.43865468730650153 0.549820313095238 0.44317343777089785 0.5405953119047618 0.443675 0.5313703130952381 0.43965937523219817 0.5175328119047619 0.4341375003095975 0.5369046880952381 0.4341375003095975 0.553509375 0.43865468730650153 0.549820313095238
1 0.677675 0.55174375 0.6831609374613004 0.5422921880952382 0.6865906247678019 0.532210936904762 0.6817890625386996 0.517089063095238 0.6763031250773993 0.5107890619047619 0.6711593752321982 0.512679686904762 0.6673890625386997 0.5189796869047618 0.6667031250773994 0.5290609369047619 0.6687593752321982 0.5473328130952381 0.6735609374613003 0.556154688095238 0.677675 0.55174375
1 0.6989343752321981 0.6582265630952381 0.7009906247678018 0.664528125 0.7037343752321981 0.6670484369047619 0.7057921876160992 0.660746875 0.7061343752321982 0.6557062499999999 0.7047624996904025 0.645625 0.6968765622291022 0.6437359369047619 0.6989343752321981 0.6582265630952381
1 0.6937906247678018 0.643104686904762 0.6913906247678019 0.6494062500000001 0.6924187498452012 0.6563374999999999 0.6937906247678018 0.660117188095238 0.6958484377708979 0.6651578130952381 0.6979046873065016 0.66956875 0.6975624996904025 0.660117188095238 0.696532812383901 0.6494062500000001 0.6937906247678018 0.643104686904762
1 0.6409859374613004 0.660746875 0.6426999999999999 0.6689390619047619 0.6457859374613003 0.6777593749999999 0.6464718749226006 0.673348436904762 0.647157812383901 0.6632671869047619 0.647157812383901 0.6582265630952381 0.6433859374613004 0.65255625 0.6409859374613004 0.660746875
1 0.6307 0.6657875 0.6341281250773994 0.673348436904762 0.6389281250773995 0.67965 0.6399578123839009 0.6714593750000001 0.6392718749226006 0.6626375 0.6382437498452013 0.6531859369047619 0.6324140625386997 0.6563374999999999 0.6307 0.6657875
1 0.3910234377708978 0.6575968750000001 0.38690781238390093 0.6468859380952381 0.38245156222910215 0.645625 0.3790218749226006 0.653817186904762 0.37970781238390094 0.661378125 0.38176562476780185 0.6765 0.3872515622291022 0.6777593749999999 0.38896562476780183 0.6689390619047619 0.3910234377708978 0.6575968750000001
1 0.35227656222910214 0.638064063095238 0.34199062476780184 0.69288125 0.3478187498452012 0.685320311904762 0.35262031269349847 0.67271875 0.3512484377708978 0.6575968750000001 0.35227656222910214 0.638064063095238
1 0.3011874996904025 0.6588578119047619 0.30324374984520125 0.6494062500000001 0.3011874996904025 0.638064063095238 0.29604374984520127 0.63239375 0.29055781238390094 0.631764061904762 0.2881578123839009 0.6342843749999999 0.2881578123839009 0.6487765619047619 0.2902140625386997 0.6651578130952381 0.2970718749226006 0.6670484369047619 0.3011874996904025 0.6588578119047619
1 0.2874718749226006 0.631764061904762 0.2823281250773994 0.6361749999999999 0.28027031269349845 0.6386953130952381 0.2789 0.6468859380952381 0.2761562501547988 0.6582265630952381 0.2806140625386997 0.6638984380952381 0.28472812507739936 0.651926563095238 0.2888437498452012 0.642475 0.2874718749226006 0.631764061904762
0 0.19477704272445823 0.7549320726190476 0.21664831578947366 0.6987142547619047 0.22914628854489164 0.6081411154761904 0.18398433931888544 0.6136718761904761 0.17603008359133127 0.7096455023809524 0.19477704272445823 0.7549320726190476
0 0.7946774613003096 0.7549320726190476 0.8118619653250774 0.7486856285714286 0.7868662582043344 0.6924679297619047 0.8149866371517027 0.7283847154761904 0.8118619653250774 0.6706053166666666 0.7796874643962849 0.6175781261904761 0.7446858092879257 0.673728538095238 0.7946774613003096 0.7549320726190476
