1 0.7236484377708978 0.5018109369047619 0.7236484377708978 0.4857171869047619 0.7216609374613003 0.472640625 0.7166937498452012 0.4806875 0.7117281250773994 0.489740625 0.7112312501547987 0.505834375 0.7137140625386996 0.520921875 0.7201718749226006 0.52896875 0.7236484377708978 0.519915625 0.7236484377708978 0.5018109369047619
1 0.6854046873065016 0.4977875 0.6829218749226007 0.512875 0.6809343752321981 0.5249453119047619 0.6834187498452013 0.5380203130952381 0.6923578123839008 0.5319859369047619 0.6943453126934985 0.5148859380952381 0.6913640625386998 0.4927578119047619 0.6854046873065016 0.4977875
1 0.3404453126934984 0.5210140630952381 0.3435296873065015 0.5385015630952381 0.3469218749226006 0.541625 0.35247343777089785 0.531007813095238 0.35709843777089784 0.5172671869047619 0.3561734377708978 0.4991546880952381 0.35000625015479875 0.48603906190476187 0.34229531269349844 0.4779203130952381 0.33982968730650154 0.4866640619047619 0.3385953126934984 0.4941578130952381 0.3382875003095975 0.508523436904762 0.3404453126934984 0.5210140630952381
1 0.39472656222910213 0.5597234369047619 0.4029218749226006 0.547553125 0.40783906253869967 0.537595311904762 0.4116625003095975 0.5243171869047619 0.4094781250773994 0.5044015630952381 0.40237500000000004 0.48559218809523813 0.3843468749226006 0.508828125 0.3865312501547988 0.5254234380952381 0.38817031269349844 0.5409140630952382 0.3892624996904025 0.5575109380952381 0.39472656222910213 0.5597234369047619
1 0.35695625015479876 0.6525531250000001 0.3565453126934985 0.636759375 0.35490312507739935 0.630109375 0.34956718761609906 0.635928125 0.34956718761609906 0.6500593750000001 0.35120937523219814 0.6733359380952381 0.35695625015479876 0.6749984380952381 0.35695625015479876 0.6525531250000001
1 0.6348421876160991 0.650890625 0.6319687498452012 0.640084375 0.6274531250773994 0.642578125 0.6241703126934985 0.653384375 0.6258109374613003 0.6716734369047619 0.6340203126934985 0.6741671869047619 0.6377156247678019 0.666684375 0.6348421876160991 0.650890625
1 0.6853296873065015 0.670010938095238 0.6914859374613003 0.6799859369047618 0.6935390625386997 0.656709375 0.6902546873065016 0.6417468749999999 0.6865609374613003 0.626784375 0.6840984377708977 0.631771875 0.6816343752321982 0.645903125 0.6824562501547988 0.657540625 0.6853296873065015 0.670010938095238
1 0.6951796873065016 0.656709375 0.6964109374613002 0.6675171880952381 0.7001062501547987 0.6808171880952381 0.7029796873065015 0.672504686904762 0.7038 0.658371875 0.7013375003095975 0.648396875 0.6964109374613002 0.6409156250000001 0.6951796873065016 0.656709375
1 0.7567499999999999 0.642578125 0.7567499999999999 0.629278125 0.7546984377708977 0.6176390619047619 0.7514140625386997 0.612651563095238 0.7460781250773993 0.612651563095238 0.7423843752321981 0.6193015630952381 0.7375225139318886 0.6275018095238096 0.7452578123839009 0.6384218749999999 0.7510031250773994 0.6525531250000001 0.7542875003095975 0.658371875 0.7567499999999999 0.642578125
2 0.23554573436532508 0.7587629642857143 0.22888304272445822 0.7630741178571429 0.2269234278637771 0.7716964238095239 0.23123458080495357 0.7736560392857144 0.23789727244582043 0.7701287321428572 0.24573573250773992 0.7634660404761905 0.24651957894736842 0.762682194047619 0.2476953479876161 0.7630741178571429 0.2504388092879257 0.7677771940476191 0.25279034736842104 0.7736560392857144 0.25592573126934987 0.7795348845238095 0.2602368842105263 0.7850218071428572 0.26533188359133125 0.7873733452380952 0.27434611331269354 0.7881571904761905 0.282184573374613 0.7834541142857143 0.2880634185758514 0.7728721928571428 0.29159072569659444 0.7630741178571429 0.2782653430340557 0.7571952726190476 0.26611573003095973 0.7650337321428571 0.2602368842105263 0.7666014250000001 0.2582772693498452 0.7642498869047619 0.2637641913312694 0.7552356571428572 0.2649399609907121 0.745437582142857 0.25435803900928794 0.7426941202380952 0.2512226551083591 0.7438698892857144 0.24926304024767804 0.7462214273809524 0.24416804086687308 0.7509245035714285 0.23554573436532508 0.7587629642857143
