1 0.7236484759910127 0.52896875 0.7112312267856851 0.52896875 0.7112312833083934 0.4726406250000001 0.7236484258628479 0.4726406250000001
1 0.6915466759378432 0.5389649274797751 0.6794680425514343 0.5375611673393852 0.684764638330762 0.491990834856308 0.6968431853653101 0.49339458991981633
1 0.35831275414682295 0.5410433176853521 0.3399960162721527 0.5419786732484971 0.33673913483949036 0.47820404353984614 0.3550556916335381 0.47726869260706534
1 0.38220631549506834 0.48762849361289007 0.4076981071239061 0.4850547465132579 0.4150305589882919 0.5576734813814208 0.3895387695595218 0.56024721347672
1 0.3575398876625968 0.6749832537880931 0.3502206191794812 0.6751736692961429 0.34905208485508865 0.63026159427514 0.35637128820485486 0.6300711796129529
1 0.6230490060506781 0.640884416601256 0.6353026498239842 0.6397853463667624 0.638352019746776 0.6737786634935127 0.6260983764752837 0.6748777299729064
1 0.6983192922062926 0.6784861624322962 0.6875717317537919 0.6808450216581239 0.6762040337042663 0.6290575045843634 0.6869514850865244 0.6266986577341771
1 0.6934192566510546 0.6412563987821804 0.7017421717528123 0.6403083593451351 0.7062769465725296 0.6801143038767864 0.6979540321219702 0.6810623394913548
1 0.7616495828948473 0.6570743528074826 0.7433049623489296 0.6603074796350346 0.7352416070233403 0.6145614402577952 0.7535860672882109 0.6113283278236724
2 0.22554595005624378 0.7713674860581707 0.24001455780137348 0.7354098641072574 0.29434271199261275 0.7572665488404036 0.2798743939498536 0.793223925053853
