1 0.13945312507739938 0.5131234369047619 0.13808437523219816 0.4963515630952381 0.13123906253869969 0.48209375 0.12530625015479877 0.4737078119047619 0.12074218761609908 0.483771875 0.11982968730650155 0.4963515630952381 0.12119843777089784 0.50976875 0.126675 0.524864063095238 0.13443281238390092 0.5257031249999999 0.13945312507739938 0.5131234369047619
1 0.2266218749226006 0.5558937500000001 0.23209843777089784 0.560925 0.23666250030959754 0.5592484369047619 0.23666250030959754 0.5416375 0.2403140625386997 0.521509375 0.24259531269349843 0.5148015619047619 0.24213906253869968 0.4997046869047619 0.23666250030959754 0.5064140619047619 0.23072968730650154 0.5198328119047619 0.22479687492260061 0.529057811904762 0.22388437523219815 0.5449921880952381 0.2266218749226006 0.5558937500000001
1 0.307925 0.5437859380952381 0.3041531250773994 0.5465578130952381 0.3026453126934984 0.5659640619047619 0.30377656222910215 0.58051875 0.30679374984520125 0.5819046869047619 0.31132031269349847 0.574975 0.3139609374613003 0.5618062500000001 0.312075 0.54794375 0.307925 0.5437859380952381
1 0.329425 0.551409375 0.32602968730650156 0.557646875 0.32602968730650156 0.56804375 0.33131093746130036 0.574975 0.3316875003095975 0.5472515619047619 0.329425 0.551409375
1 0.3350828123839009 0.54794375 0.3343281250773994 0.5735890619047619 0.3388531250773994 0.5701234380952381 0.34149374984520126 0.5618062500000001 0.3399859374613003 0.553489063095238 0.3350828123839009 0.54794375
1 0.3660109374613003 0.5638859380952381 0.36789687492260065 0.5756671880952381 0.37204531269349844 0.5832921880952381 0.3724218749226006 0.5659640619047619 0.3724218749226006 0.5493296880952381 0.36940468730650156 0.5424 0.3648781250773994 0.5507171880952381 0.3660109374613003 0.5638859380952381
1 0.3795890625386997 0.5500234369047619 0.3746859374613003 0.54794375 0.3746859374613003 0.5562609369047619 0.3739312501547987 0.5708156249999999 0.3746859374613003 0.5846781249999999 0.3799656247678019 0.578440625 0.38222812507739934 0.56735 0.38222812507739934 0.5569546880952382 0.3795890625386997 0.5500234369047619
1 0.4154203126934985 0.564578125 0.4180609374613003 0.56735 0.4131562501547988 0.5403203119047619 0.4116484377708978 0.5486375 0.41202500000000003 0.5521031249999999 0.41277968730650155 0.558340625 0.4154203126934985 0.564578125
1 0.4173062501547988 0.5527953119047619 0.4176828123839009 0.5694296880952381 0.4207 0.5659640619047619 0.4233406247678019 0.557646875 0.4244718749226006 0.5500234369047619 0.4225859374613003 0.5417062500000001 0.41919218761609905 0.5375484369047618 0.4173062501547988 0.5527953119047619
1 0.6096640625386996 0.47586249999999997 0.6074015622291021 0.4654671869047619 0.6021203126934984 0.47378437500000004 0.5938234377708979 0.4855671869047619 0.5926921876160991 0.4952703119047619 0.5957093752321981 0.5084390630952381 0.6047609374613003 0.518834375 0.6138140625386996 0.5146765619047619 0.6311640625386997 0.5112109380952381 0.6379531250773993 0.500121875 0.6379531250773993 0.48903125 0.6356890625386997 0.47725 0.6413468749226006 0.46685312500000004 0.6394609374613003 0.4509125 0.6356890625386997 0.44952656190476187 0.6270140625386996 0.45368437500000003 0.6217343752321981 0.4647734369047619 0.6187171876160991 0.47378437500000004 0.6096640625386996 0.47586249999999997
1 0.6228656247678018 0.6124015619047619 0.6315406247678019 0.6214109369047619 0.6402156247678018 0.6186390630952382 0.6507765622291022 0.60755 0.6492671876160991 0.591609375 0.644742187616099 0.571509375 0.6379531250773993 0.5569546880952382 0.6334265622291021 0.5493296880952381 0.6262593752321982 0.5465578130952381 0.6247515622291022 0.5638859380952381 0.6221109374613003 0.578440625 0.6183390625386996 0.5985390619047619 0.6228656247678018 0.6124015619047619
1 0.5518156247678019 0.5854609380952381 0.5518156247678019 0.5893343750000001 0.5560312501547987 0.59320625 0.5607156247678019 0.59320625 0.5614187498452012 0.584170313095238 0.5546265622291022 0.5781453119047619 0.5483031250773994 0.5656640619047619 0.5412765622291021 0.5635125 0.5375296873065015 0.5673859380952381 0.5408093752321982 0.5729796869047619 0.5433843752321982 0.5772843750000001 0.5464296873065015 0.5824484369047619 0.5518156247678019 0.5854609380952381
1 0.49326718761609906 0.633659375 0.49982499999999996 0.63236875 0.501932812383901 0.622901563095238 0.49982499999999996 0.61429375 0.49654531269349844 0.6091296880952382 0.49326718761609906 0.607409375 0.4897546873065015 0.6065484369047619 0.4857734377708978 0.6018140630952381 0.4836656247678019 0.60525625 0.486475 0.6112812500000001 0.48670937523219815 0.6190281249999999 0.48952031269349844 0.6289265619047619 0.49326718761609906 0.633659375
1 0.47055 0.6383937500000001 0.4759375003095975 0.6439890619047619 0.4785124996904025 0.642696875 0.4801515622291022 0.633229686904762 0.4796843752321981 0.62333125 0.4785124996904025 0.6117125 0.4761703126934984 0.607409375 0.475 0.610851561904762 0.47101874984520126 0.622470313095238 0.4700812501547988 0.63538125 0.47055 0.6383937500000001
1 0.12873125015479878 0.592789063095238 0.12564531269349846 0.5972000000000001 0.12633125015479876 0.612321875 0.1273609374613003 0.6148421880952382 0.13147499999999998 0.61358125 0.1355890625386997 0.60728125 0.13284687492260064 0.598459375 0.12873125015479878 0.592789063095238
1 0.10061562476780186 0.602240625 0.11227343777089784 0.6003499999999999 0.11947343777089783 0.592789063095238 0.126675 0.581446875 0.13147499999999998 0.5808171869047619 0.1331890625386997 0.57325625 0.136275 0.5612843750000001 0.1355890625386997 0.549314061904762 0.129075 0.5430125 0.12084531269349845 0.5398625 0.11261562476780186 0.5423828119047619 0.11124531269349845 0.53293125 0.10232968730650156 0.5190703119047619 0.09444374984520124 0.5197 0.08552812507739939 0.5310406249999999 0.08004218761609908 0.5398625 0.07627031269349845 0.554984375 0.08004218761609908 0.574517186904762 0.09101406253869969 0.594048436904762 0.10061562476780186 0.602240625
2 0.557291666873065 0.7565104166666666 0.5768229164086688 0.7604166666666666 0.5807291665634675 0.7161458333333334 0.5507812501547987 0.7213541666666666 0.557291666873065 0.7565104166666666
2 0.6627604167182664 0.7161458333333334 0.6367187498452012 0.6966145833333334 0.6119791665634675 0.7239583333333334 0.6497395832817336 0.7513020833333334 0.6627604167182664 0.7161458333333334
