1 0.24778593448695574 0.42409843732113384 0.25701690875064287 0.42464643327966844 0.25446223748144803 0.46767723938151 0.2452312633567999 0.46712924502777164
1 0.6574795878526629 0.5075563718791456 0.6492842132358874 0.505867560292913 0.6569657205578778 0.468594030594864 0.6651610499329763 0.4702828373497422
1 0.40638094300106786 0.6269702685411013 0.41900519346688725 0.6267812120047584 0.4197148730634126 0.6741640693870057 0.40709062261726103 0.6743531250356838
1 0.36019842467749186 0.6544815193718138 0.34117830259731363 0.6501383617676684 0.3552781907495728 0.5883982597576618 0.3742980935854803 0.5927413913481704
2 0.21354034821513324 0.6514324115184583 0.17124614074236888 0.6559633897999386 0.16410286473262659 0.5892901054309355 0.20639653846728834 0.5847591560647282
2 0.3771831834317254 0.8092827625024334 0.35295631892245183 0.804763964538031 0.36414764479604855 0.7447756927932585 0.38837416339777064 0.7492944573553227
2 0.39301991870343045 0.7636313574292509 0.4236605259205817 0.767146833128693 0.417703423196258 0.8190586879014243 0.3870628197083761 0.8155432343480555
2 0.27998275974834996 0.7378069166015765 0.3087035538763985 0.7458832525163057 0.29814398376595364 0.7834282682733065 0.2694232044736964 0.7753519688252622
2 0.7476162963724846 0.7651707853262562 0.7346104166181249 0.7643580604814508 0.7366021945849752 0.7324902755508736 0.7496079793952504 0.7333029974103942
2 0.770477893040038 0.7001298842535063 0.7883449682802848 0.7090065213688489 0.7712618960937334 0.7433862136322565 0.7533948453913126 0.7345096140180665
2 0.4408057657149129 0.37261281319597467 0.4174944433885912 0.37506653956381664 0.4129845651718824 0.33222209574490513 0.43629578149136705 0.32976837496980854
