1 0.22805937523219816 0.45608437500000004 0.2247109374613003 0.458925 0.22316562476780186 0.46649843809523805 0.22290781238390095 0.47880625 0.22419531269349843 0.489221875 0.22599843777089784 0.483540625 0.23037812507739938 0.4792796869047619 0.23166718761609909 0.4702859380952381 0.23166718761609909 0.4627109380952381 0.22805937523219816 0.45608437500000004
1 0.2705656247678018 0.4783328119047619 0.27005156222910215 0.46791875000000005 0.26953593746130033 0.4627109380952381 0.26695937523219815 0.4537171880952381 0.2623218749226006 0.4627109380952381 0.25717031269349844 0.468865625 0.2538218749226006 0.4792796869047619 0.2545937498452012 0.48448749999999996 0.25717031269349844 0.4930078119047619 0.26077656222910217 0.498215625 0.26618750030959754 0.4996359369047619 0.26850468730650157 0.49348125 0.27030937523219817 0.48732812499999995 0.2705656247678018 0.4783328119047619
1 0.27829531269349844 0.4584515619047619 0.2757187498452012 0.46507812499999995 0.27391562476780185 0.47265312499999995 0.2731421876160991 0.47880625 0.27262656222910214 0.489221875 0.2731421876160991 0.49868906309523814 0.2806125003095975 0.49348125 0.28215937523219814 0.48401406309523815 0.2819015622291022 0.4736 0.28112812507739937 0.46791875000000005 0.27829531269349844 0.4584515619047619
1 0.31745156222910215 0.50484375 0.32105937523219813 0.51194375 0.3223468749226006 0.501529686904762 0.32260468730650155 0.49016875000000004 0.3197703126934984 0.4830671880952381 0.3164218749226006 0.4887484369047619 0.31513437523219817 0.4967953130952381 0.31745156222910215 0.50484375
1 0.33265156222910214 0.4783328119047619 0.32775625015479876 0.47075937500000004 0.3249234377708978 0.4773859380952381 0.32389218761609906 0.4887484369047619 0.3223468749226006 0.503423436904762 0.3236343752321982 0.519045313095238 0.32646874984520124 0.5124171869047619 0.3305906247678019 0.5053171880952381 0.33239374984520126 0.4977421869047619 0.33368125015479877 0.4887484369047619 0.33265156222910214 0.4783328119047619
1 0.40292500000000003 0.48437656190476186 0.40021562476780187 0.47548593690476193 0.396925 0.48935625000000005 0.39499062476780183 0.4996703119047619 0.3936359374613003 0.5085625 0.39576406253869967 0.506784375 0.3984734377708978 0.502871875 0.4013765622291022 0.49824843809523806 0.4037 0.4957578130952381 0.4052484377708978 0.4925578130952381 0.40292500000000003 0.48437656190476186
1 0.3870546873065015 0.4929125 0.3839578123839009 0.4978921880952381 0.3843453126934984 0.5074953130952381 0.38627968730650153 0.5057171869047619 0.38840937523219815 0.5060734380952381 0.39111874984520123 0.5060734380952381 0.3940218749226006 0.50891875 0.3938281250773994 0.506428125 0.3938281250773994 0.5003828130952381 0.3926671876160991 0.493625 0.3903453126934985 0.49113437499999996 0.3870546873065015 0.4929125
2 0.3828359374613003 0.3602859380952381 0.37879062476780184 0.3591125 0.37623437523219816 0.354809375 0.37304218761609903 0.350896875 0.3694218749226006 0.3591125 0.36686718761609904 0.37045781190476196 0.364525 0.375153125 0.35877656222910215 0.37906562499999996 0.35302812507739934 0.3908015619047619 0.35238906253869967 0.409190625 0.35728593746130033 0.4209265619047619 0.36026718761609905 0.427578125 0.36686718761609904 0.43462031190476186 0.37389374984520124 0.427578125 0.3689968749226006 0.4373578119047619 0.3894359374613003 0.403321875 0.38113125015479876 0.37671875000000005 0.38240937523219815 0.37671875000000005 0.38709374984520123 0.3739796880952381 0.3902875003095975 0.37085 0.3907125003095975 0.36263437499999995 0.3828359374613003 0.3602859380952381
1 0.6832437498452013 0.4956515619047619 0.6875015622291022 0.5015203119047619 0.6872890625386997 0.49173906309523807 0.6875015622291022 0.48508906190476186 0.6849468749226005 0.4756984369047619 0.6819656247678019 0.48039375 0.6811140625386998 0.490175 0.6832437498452013 0.4956515619047619
1 0.6906953126934984 0.48821875 0.6906953126934984 0.49486875 0.6906953126934984 0.49995468690476186 0.6945281250773994 0.494478125 0.6945281250773994 0.486653125 0.6945281250773994 0.478046875 0.6906953126934984 0.47609062500000005 0.6898437498452011 0.4831328119047619 0.6906953126934984 0.48821875
1 0.6979343752321981 0.591503125 0.6947406247678019 0.5840703119047619 0.6902687498452011 0.57741875 0.6864374996904025 0.5789828119047619 0.6845203126934984 0.5832875 0.6798375003095974 0.5864171880952381 0.6819656247678019 0.593459375 0.6836687498452012 0.6008921880952381 0.6879281250773994 0.6067609380952381 0.689417187616099 0.6130203130952381 0.6915468749226006 0.622801561904762 0.6936765622291021 0.6188890630952381 0.6951656247678019 0.611846875 0.6970828123839009 0.6044140619047619 0.6979343752321981 0.591503125
1 0.6774953126934984 0.615367186904762 0.6787718749226006 0.6122375 0.6789859374613003 0.59971875 0.6796249999999999 0.592285936904762 0.6774953126934984 0.5848515619047618 0.6755796873065015 0.59189375 0.6732375003095976 0.59580625 0.6700437498452013 0.5965890630952381 0.6668499999999999 0.5946328119047619 0.6642953126934984 0.591503125 0.6628046873065015 0.5969796880952382 0.6657859374613003 0.6059781249999999 0.6674890625386998 0.6165421869047619 0.6738765622291021 0.6184984380952381 0.6774953126934984 0.615367186904762
1 0.5667843752321982 0.5985453130952381 0.5625265622291022 0.597371875 0.5608234377708978 0.6001093750000001 0.561675 0.6063703130952381 0.5633781250773994 0.6134124999999999 0.5650812501547988 0.61810625 0.5674234377708979 0.6165421869047619 0.5699781250773994 0.61419375 0.5712562501547988 0.609890625 0.5693390625386997 0.601675 0.5667843752321982 0.5985453130952381
1 0.4169 0.6310171869047619 0.4232874996904025 0.6251484380952381 0.42499062476780186 0.6173234369047619 0.4256296873065015 0.6055875 0.4222218749226006 0.59385 0.4192421876160991 0.5852437500000001 0.41477031269349846 0.577028125 0.4139187498452013 0.5821140630952382 0.4137062501547987 0.5899375 0.4126421876160991 0.5977625 0.40923593746130027 0.6055875 0.4066812501547987 0.6110640630952381 0.4066812501547987 0.6188890630952381 0.4083843752321981 0.6278875 0.41051250030959746 0.6294515619047619 0.4169 0.6310171869047619
1 0.28340937523219817 0.5926765619047619 0.28127968730650155 0.6024578119047619 0.28660156222910216 0.617715625 0.2921374996904025 0.622801561904762 0.29597031269349844 0.621235938095238 0.2978859374613003 0.617715625 0.30257031269349843 0.6161500000000001 0.30512500000000004 0.6145859369047619 0.30853125015479876 0.6087171880952381 0.31193749969040246 0.604021875 0.31555781238390096 0.59580625 0.3161953126934985 0.5868078130952381 0.31555781238390096 0.5758531250000001 0.31683437523219815 0.5684203119047619 0.3193890625386997 0.561378125 0.31385468730650157 0.5633343749999999 0.3106609374613003 0.5703765619047619 0.3076796873065015 0.573896875 0.30533750030959755 0.577809375 0.30193125015479877 0.57741875 0.2970343752321981 0.573896875 0.29000937523219816 0.57350625 0.28638906253869967 0.5762453130952381 0.2842609374613003 0.5848515619047618 0.28340937523219817 0.5926765619047619
1 0.26488593746130035 0.564117188095238 0.26147968730650156 0.563725 0.25977656222910217 0.57350625 0.25935 0.5801578119047619 0.258925 0.58915625 0.2612671876160991 0.5950234369047619 0.26403437523219814 0.59385 0.2638218749226006 0.5887640630952381 0.26573750030959753 0.5817218749999999 0.26595 0.5746796880952381 0.26488593746130035 0.564117188095238
