1 0.2233858187430542 0.45598648434740763 0.2319629551438993 0.456166138004852 0.23126743231239288 0.48937000476000503 0.22269029592473544 0.48919035153137075
1 0.2699557239055821 0.49974327544823005 0.2532524512641885 0.4992674823136947 0.25456017362091643 0.4533639947597448 0.2712633340439652 0.45383978628610167
1 0.27415997575212714 0.45824685715810687 0.2834123025089639 0.4587048611354283 0.28141262237011233 0.49909846016025916 0.27216029571138733 0.49864045753290936
1 0.32211001856103394 0.5119675903421751 0.3147938294010828 0.5118015773750998 0.3154481400478062 0.48296911209121834 0.3227642972932472 0.48313512469642433
1 0.325600276753903 0.4705460446391522 0.33538665342791774 0.471514392069354 0.33061484770064453 0.5197360174035563 0.3208284715510672 0.5187676735061838
1 0.39954975144257787 0.4753610639073145 0.40817043399238173 0.47697773042229386 0.40195423452735213 0.510122455352901 0.39333355309008766 0.5085057929317326
1 0.3836959514133014 0.491402665806084 0.3934498832403506 0.4910091106625316 0.3941723173494438 0.508912679906145 0.38441838555411323 0.5093062345129551
1 0.6782945642679579 0.5805877415914442 0.6939487511434663 0.5764448301659558 0.7052580269754571 0.619172892060175 0.6896038465064294 0.6233157867857947
1 0.6608545980542431 0.5888358495430964 0.6778258468484637 0.5847724226163955 0.6852496930675898 0.6157753752578482 0.6682784484180502 0.6198387902911728
1 0.572755586767471 0.6163155776536764 0.5644481522696196 0.6182539722627992 0.5597275491755909 0.5980249769054035 0.5680349529992554 0.5960865860242139
1 0.4242232805009962 0.6314159198065147 0.40562811482755023 0.6304034645645299 0.40855311558414087 0.5766896141614286 0.42714809544372656 0.5777020642945656
1 0.2891038936355699 0.5562505094344196 0.3213317746960911 0.5617070476024821 0.31046138319413785 0.6259039812792198 0.2782335100647515 0.6204474751587159
1 0.26012913832528284 0.5636612195387577 0.26657613005659186 0.5639656824234666 0.26510071107429667 0.595204477350954 0.2586537194019911 0.5949000153066295
2 0.2485410617839534 0.6614557811806934 0.2690479971415698 0.6827408266355761 0.2388408452288786 0.7118394256446177 0.21833400513583 0.6905544739806245
2 0.6364020487760627 0.7256787420975584 0.6387120229188668 0.7560323330440518 0.6152933958486528 0.757814173479334 0.6129835077293819 0.7274606632394789
2 0.36701404034477036 0.3487359118350384 0.40036751573211404 0.3564364756284928 0.383381402227883 0.43000523854878914 0.3500279384094256 0.42230470887041005
