1 0.43195468730650155 0.7502374999999999 0.436025 0.755854686904762 0.4380593752321982 0.7502374999999999 0.4370421876160991 0.7396281250000001 0.4339890625386997 0.7246515619047619 0.42991874984520123 0.731515625 0.42991874984520123 0.7402531250000001 0.43195468730650155 0.7502374999999999
1 0.44009531269349844 0.7283953119047619 0.4380593752321982 0.7340125000000001 0.4390781250773994 0.7446218750000001 0.44043437523219814 0.7521109369047619 0.4465406247678018 0.7483656249999999 0.44857656222910214 0.739004686904762 0.4462015622291022 0.7246515619047619 0.44145312507739937 0.72090625 0.44009531269349844 0.7283953119047619
1 0.3338218749226006 0.7073515630952381 0.3322921876160991 0.7171984380952381 0.3338218749226006 0.7247 0.3348421876160991 0.733140625 0.3356062501547988 0.737359375 0.33840937523219816 0.7289203130952381 0.33917499999999995 0.7167296869047619 0.33993906253869965 0.7078203119047619 0.33840937523219816 0.7021937500000001 0.3338218749226006 0.7073515630952381
1 0.5379703126934985 0.759865625 0.5382250000000001 0.77018125 0.5402640625386997 0.778151561904762 0.5423031250773993 0.774401563095238 0.5451062501547987 0.76924375 0.5438328123839009 0.7612734369047619 0.5423031250773993 0.755646875 0.5395 0.751426563095238 0.5379703126934985 0.759865625
1 0.6490921876160991 0.7884671869047619 0.6437406247678018 0.786592186904762 0.6399171876160991 0.7842484369047619 0.6330359374613003 0.79221875 0.6302328123839009 0.8001890619047619 0.6261546873065016 0.802534375 0.6210578123839009 0.798314063095238 0.6192734377708978 0.79503125 0.6154499999999999 0.7945625000000001 0.6174890625386996 0.7997203119047618 0.6200375003095975 0.8034718750000001 0.6253906247678018 0.8053468749999999 0.6304875003095975 0.807692186904762 0.6348203126934985 0.8062843749999999 0.6445046873065016 0.8044093750000001 0.6513859374613002 0.8001890619047619 0.6521515622291021 0.79315625 0.6490921876160991 0.7884671869047619
1 0.7377234377708979 0.771715625 0.7429468749226006 0.7772078130952381 0.7451859374613002 0.758671875 0.7444390625386997 0.7373906250000001 0.747425 0.7216015619047619 0.748917187616099 0.707185936904762 0.748917187616099 0.698260938095238 0.7459328123839009 0.6907109380952381 0.7403359374613002 0.698260938095238 0.7321265622291021 0.698948438095238 0.727275 0.7092453119047619 0.7227968749226006 0.718170313095238 0.7198125003095975 0.7319000000000001 0.7224234377708979 0.74425625 0.7317531250773994 0.7470015630952381 0.7317531250773994 0.7545531249999999 0.7336187498452013 0.762790625 0.7377234377708979 0.771715625
1 0.8946828123839009 0.7100390630952381 0.8938421876160991 0.6997234369047619 0.8918796873065015 0.689407811904762 0.8879546873065015 0.694565625 0.8879546873065015 0.7017859369047619 0.8896375003095975 0.7074593750000001 0.8946828123839009 0.7100390630952381
1 0.89945 0.7043656250000001 0.9005703126934985 0.7002390619047619 0.9000093752321981 0.694565625 0.8969265622291022 0.69301875 0.8969265622291022 0.70281875 0.8972062501547988 0.7079749999999999 0.89945 0.7043656250000001
2 0.7838468749226006 0.9597703130952381 0.7855296873065015 0.9721484369047619 0.7891734377708979 0.9829796869047619 0.7936593752321981 0.988653125 0.8020703126934984 0.9902000000000001 0.8090796873065015 0.98916875 0.8130046873065017 0.984526563095238 0.8146859374613004 0.9783375 0.8130046873065017 0.96338125 0.8107609374613003 0.9504859380952381 0.8071171876160991 0.941203125 0.8017890625386996 0.937592186904762 0.7936593752321981 0.937592186904762 0.7959031250773994 0.945328125 0.7967437498452012 0.9530656249999999 0.7995468749226007 0.9618328119047619 0.8017890625386996 0.970085936904762 0.8017890625386996 0.974728125 0.7970234377708978 0.980917188095238 0.7916968749226007 0.97524375 0.7869312501547987 0.96750625 0.7838468749226006 0.9597703130952381
1 0.46816874984520124 0.842175 0.46480468730650154 0.8463015630952382 0.4628421876160991 0.85094375 0.46340312507739934 0.863321875 0.46592656222910217 0.8695109369047619 0.46844843777089784 0.860228125 0.47069218761609904 0.851975 0.47237343777089785 0.8463015630952382 0.4718140625386997 0.840628125 0.46816874984520124 0.842175
1 0.3588312501547988 0.8287656250000001 0.3591109374613003 0.8339234380952381 0.3591109374613003 0.8401124999999999 0.3605125003095975 0.8437234369047618 0.3627562501547988 0.8432078119047619 0.36752187492260063 0.8370187499999999 0.3661203126934985 0.827734375 0.3621953126934984 0.8230921880952381 0.3588312501547988 0.8287656250000001
