1 0.47926874984520124 0.45104687499999996 0.48380937523219814 0.433553125 0.4751828123839009 0.434475 0.4670109374613003 0.434475 0.45656874984520124 0.43815781190476194 0.4529359374613003 0.44644375 0.45339062476780184 0.4584140630952381 0.45974687492260063 0.456571875 0.4670109374613003 0.45933437499999996 0.4779078123839009 0.45933437499999996 0.47926874984520124 0.45104687499999996
1 0.5733640625386998 0.488265625 0.5752390625386997 0.48065625 0.5741140625386997 0.4677203130952381 0.5718625003095975 0.4616328130952381 0.5643578123839009 0.463915625 0.5609812501547988 0.473046875 0.5602312501547988 0.4844609369047619 0.5591046873065015 0.49891874999999997 0.5628578123839009 0.5194640619047619 0.5662343752321981 0.5255515630952381 0.5699859374613003 0.514898438095238 0.5692359374613003 0.5027234380952381 0.5733640625386998 0.488265625
1 0.7166984377708978 0.4692421869047619 0.7084437498452012 0.471525 0.7013140625386998 0.494353125 0.6986875003095975 0.514898438095238 0.7016890625386997 0.521746875 0.7050671876160991 0.521746875 0.7110703126934984 0.5202249999999999 0.7140718749226006 0.514898438095238 0.7144468749226006 0.5027234380952381 0.7166984377708978 0.494353125 0.7204515622291022 0.49891874999999997 0.7219515622291022 0.51109375 0.7230781250773993 0.521746875 0.7298312501547988 0.521746875 0.7317078123839008 0.5141375 0.7313328123839009 0.494353125 0.7275796873065016 0.47989531190476187 0.7223265622291021 0.4692421869047619 0.7166984377708978 0.4692421869047619
1 0.7238281250773994 0.658715625 0.7204515622291022 0.65415 0.7148218749226006 0.648823436904762 0.703940624767802 0.643496875 0.6983125003095975 0.6412140619047619 0.6998140625386997 0.652628125 0.7043156247678019 0.6640421880952381 0.7099453126934985 0.673934375 0.7155734377708979 0.68154375 0.7242031250773994 0.683826563095238 0.7287062501547987 0.677739063095238 0.732832812383901 0.666325 0.7264546873065015 0.6625203119047619 0.7238281250773994 0.658715625
1 0.3898140625386997 0.624875 0.39380937523219817 0.6289265619047619 0.39680625015479876 0.613734375 0.3998031250773994 0.597528125 0.40230000000000005 0.573221875 0.39630625015479876 0.5711953119047619 0.38681718761609907 0.5813234380952381 0.3843203126934985 0.6025921869047619 0.3898140625386997 0.624875
1 0.35485468730650155 0.6258875 0.3568531250773994 0.6106953130952381 0.3483624996904025 0.6167718750000001 0.3423687498452012 0.6167718750000001 0.33537656222910217 0.614746875 0.33787500000000004 0.6269 0.3438671876160991 0.6350031249999999 0.3503593752321981 0.633990625 0.35485468730650155 0.6258875
2 0.29036458328173376 0.7369791666666666 0.31380208359133127 0.7109375 0.3098958334365325 0.6627604166666666 0.28776041671826624 0.6692708333333334 0.27213541671826624 0.7018229166666666 0.28125 0.73046875 0.29036458328173376 0.7369791666666666
2 0.31901041671826624 0.76171875 0.333333333126935 0.7643229166666666 0.33984374984520127 0.73828125 0.34375 0.7265625 0.3164062501547988 0.7291666666666666 0.31901041671826624 0.76171875
2 0.369791666873065 0.8294270833333334 0.39453125015479873 0.8033854166666666 0.380208333126935 0.7799479166666666 0.35156249969040243 0.7916666666666666 0.369791666873065 0.8294270833333334
2 0.48828125015479873 0.82421875 0.5013020835913312 0.7799479166666666 0.4856770835913312 0.7643229166666666 0.46875 0.8111979166666666 0.48828125015479873 0.82421875
2 0.635416666873065 0.875 0.6549479164086687 0.859375 0.65625 0.78515625 0.6497395832817336 0.7708333333333334 0.640625 0.7682291666666666 0.6263020835913312 0.8541666666666666 0.635416666873065 0.875
