1 0.3601809721069458 0.4891381953099951 0.32766966058397884 0.48849733184809035 0.32931850241470784 0.4048673931369699 0.36182944633685565 0.4055082529914966
1 0.8266057206631103 0.5029020146739238 0.8359582730431612 0.5017491080557823 0.8402146603308438 0.5362747710370805 0.8308621085330969 0.5374276744791778
1 0.8211762336568427 0.5168488042162035 0.827176369487006 0.516256579657474 0.8303621023849246 0.5485301563572702 0.824361966784295 0.5491223793585495
1 0.3106078018769267 0.4832124947621181 0.3489559704637486 0.5021207397988597 0.3303098942271845 0.5399341512258775 0.291961766023519 0.5210259683100115
0 0.8704666723718901 0.5303637570414045 0.9238080292702762 0.5232156607825839 0.9492214109706083 0.7128381483532321 0.8958800804110751 0.7199861168307713
2 0.4281270234863541 0.7574025223658818 0.4367686618716107 0.7664452662181487 0.41176278440070746 0.7903375664003972 0.40312118350709625 0.7812948593762015
2 0.45073971776093913 0.7401876751475238 0.47970481346442284 0.7450144506021876 0.4725752643813621 0.7877907716902628 0.4436101746485974 0.782964020594737
2 0.39210694491919185 0.7816064798635824 0.3843288701147003 0.7779562030764406 0.39786639836688664 0.7491154673877118 0.40564442368327036 0.7527657305330686
2 0.832730447718518 0.7896762419711109 0.8480513408948127 0.798213455734788 0.8291333441651432 0.8321569026680843 0.8138124801467939 0.8236197298784432
2 0.35082728907445926 0.3369956723697115 0.3352368458707815 0.2975229227912193 0.3756274787347138 0.2815704055121651 0.3912179538243663 0.3210430751383385
