1 0.3528859374613003 0.5551265619047618 0.35709218761609907 0.5672875000000001 0.35949687492260063 0.5772375 0.3637031250773994 0.562865625 0.36490468730650155 0.5495984380952381 0.35949687492260063 0.5396484380952381 0.3564921876160991 0.54628125 0.3528859374613003 0.5551265619047618
1 0.6523 0.55615 0.655657812383901 0.5691921880952381 0.6597624996904025 0.5781171880952382 0.6612562501547988 0.567132811904762 0.6612562501547988 0.5554625 0.6571515622291021 0.541046875 0.6549124996904024 0.5485984380952381 0.6523 0.55615
1 0.6675984377708979 0.547225 0.6634937498452013 0.541046875 0.6612562501547988 0.5547765630952382 0.6612562501547988 0.5643875 0.6634937498452013 0.5733109369047619 0.6657328123839009 0.5691921880952381 0.6683453126934985 0.563014063095238 0.6702109374613003 0.5554625 0.6675984377708979 0.547225
1 0.7198406247678019 0.54310625 0.7224515622291021 0.5396734380952382 0.7287953126934984 0.5389875000000001 0.7299156247678019 0.5341812499999999 0.7261843752321981 0.528003125 0.7190937498452011 0.5300625 0.7161093752321981 0.5424203119047619 0.7198406247678019 0.54310625
1 0.7388703126934985 0.604203125 0.7373781250773993 0.5945921869047619 0.7321546873065016 0.5904734380952381 0.7317812501547987 0.6014578119047619 0.7332734377708978 0.6069484369047619 0.7384984377708977 0.61038125 0.7388703126934985 0.604203125
1 0.6537921876160991 0.6508843750000001 0.6467031250773995 0.645392186904762 0.6474484377708978 0.658435938095238 0.6504343752321982 0.6721656250000001 0.6541656247678018 0.679029686904762 0.6549124996904024 0.6728515619047618 0.6560312501547988 0.6625546880952381 0.6552843752321981 0.655003125 0.6537921876160991 0.6508843750000001
1 0.6433437498452013 0.6604953119047619 0.6433437498452013 0.653629686904762 0.6418515622291022 0.6474515619047619 0.6370000000000001 0.6508843750000001 0.6347624996904024 0.658435938095238 0.6343890625386998 0.668732813095238 0.6384937498452012 0.674910936904762 0.6425984377708979 0.6810890619047619 0.6440906247678019 0.668732813095238 0.6433437498452013 0.6604953119047619
1 0.612 0.661867188095238 0.612 0.6543171869047619 0.6056562501547987 0.64401875 0.5981937498452012 0.64401875 0.5985656247678018 0.6577484369047619 0.6008046873065016 0.6680468749999999 0.6026703126934985 0.676284375 0.6049093752321981 0.6817765619047619 0.6082687498452012 0.66941875 0.612 0.661867188095238
1 0.5963265622291022 0.6474515619047619 0.59185 0.6508843750000001 0.5888640625386997 0.6556890630952381 0.5881171876160991 0.6653 0.5907296873065015 0.674910936904762 0.595207812383901 0.680403125 0.5970734377708978 0.670792188095238 0.5989390625386998 0.6598078119047619 0.5963265622291022 0.6474515619047619
1 0.5709531250773994 0.661867188095238 0.5705796873065015 0.6659875 0.5739375003095974 0.6776578130952381 0.5784156247678018 0.6810890619047619 0.5814015622291022 0.6701062499999999 0.578042187616099 0.658435938095238 0.5720718749226006 0.652257811904762 0.5709531250773994 0.661867188095238
1 0.5675953126934985 0.6508843750000001 0.5657281250773994 0.6556890630952381 0.5649828123839009 0.6625546880952381 0.5668484377708979 0.6735374999999999 0.5717 0.680403125 0.5739375003095974 0.6728515619047618 0.5735656247678018 0.6577484369047619 0.5713265622291022 0.6508843750000001 0.5675953126934985 0.6508843750000001
1 0.3776609374613003 0.6563765630952381 0.37952656222910214 0.6653 0.3843781250773994 0.6714781249999999 0.39034843777089784 0.6604953119047619 0.39295937523219815 0.6474515619047619 0.38661562476780187 0.6412734380952381 0.37952656222910214 0.64470625 0.3776609374613003 0.6563765630952381
1 0.2903437498452012 0.6378406249999999 0.29370156222910215 0.625484375 0.2907171876160991 0.6172468750000001 0.28437343777089785 0.6268578130952381 0.28549218761609907 0.6398999999999999 0.28549218761609907 0.648825 0.2903437498452012 0.6378406249999999
