1 0.7471362436911022 0.40621179042784844 0.780742607199727 0.40106277575577953 0.7937825503787508 0.4861664164390669 0.7601761939234848 0.4913154009787196
1 0.7304062499999873 0.45404062500000214 0.7419446437360193 0.45094721781156727 0.7531430447403409 0.4927144237256213 0.741604654736193 0.4958078212838512
1 0.7024109269991641 0.4861687475598433 0.7153629804089405 0.4891785092430019 0.704927374206477 0.5340830523890927 0.691975324439909 0.5310733014988466
1 0.64881875 0.5279359375 0.664015625 0.5279359375 0.664015625 0.571309375 0.64881875 0.571309375
1 0.6320203125000035 0.5472125000000035 0.6389638238455291 0.546224663804752 0.6437638095549119 0.5799606061380056 0.6368202988198846 0.5809484394462281
1 0.44391616128859823 0.5175234331091367 0.4518721201761764 0.5171280486911036 0.4541024545262644 0.5620031466234233 0.44614649574930354 0.5623985295861146
1 0.263045725999973 0.5000466415388102 0.23557543538083792 0.49548856223725934 0.24921938701538693 0.4132665287319862 0.27668936420752743 0.4178245814231524
1 0.32048125 0.617015625 0.3412421875 0.617015625 0.3412421875 0.6620015625 0.32048125 0.6620015625
1 0.373475 0.658709375 0.3936890625 0.658709375 0.3936890625 0.710278125 0.373475 0.710278125
2 0.5298958319048097 0.894469708580204 0.4904678435146934 0.8977413715776484 0.4838173569700075 0.8176069581843707 0.5232445234649958 0.814335329443791
1 0.5807949730805149 0.7364588090285079 0.5708910967805423 0.7382756970914335 0.564074328979018 0.701123130489377 0.5739781250000533 0.6993062499999912
1 0.5803291352260658 0.699268063444408 0.5865403115690242 0.6993966667822411 0.5856533638249175 0.7422270402326735 0.5794421875000353 0.7420984374999999
1 0.595667949824815 0.7271755673532267 0.6046701332639941 0.724934739959334 0.6100380486655013 0.7464959917377473 0.6010358672476741 0.7487368135450206
2 0.6988096550054479 0.8388605233294462 0.6838618093731839 0.8455585503616717 0.6727959931729401 0.8208683164757226 0.6877437499999814 0.8141703124999994
1 0.682230932237303 0.6636660679987163 0.6961561604759936 0.6616270163047445 0.701214106295879 0.6961642828122251 0.6872888796655161 0.6982033271338604
1 0.7388204719421765 0.673561492324166 0.7240338441038148 0.6767170582755855 0.7122812121189099 0.6216522584558934 0.7270676812803458 0.6184967100077746
1 0.7633342440036586 0.6639656926029569 0.7380749281442149 0.6677384674126903 0.7266052169877639 0.5909552461355723 0.7518641640539272 0.5871824993389282
0 0.2217568138032675 0.522788156690859 0.2857347536898942 0.543023676267499 0.2331122798910883 0.7093796554464703 0.16913448405432518 0.6891444672705785
2 0.7397598824475153 0.7879571202175196 0.7525818538114208 0.777592410949782 0.7664474321841226 0.7947420022150073 0.7536254856992173 0.8051066839553033
2 0.25302294347920906 0.7564368307674079 0.24067042853096154 0.7728365662796655 0.22174907529586108 0.7585871905773514 0.2341015718750441 0.7421874999999591
2 0.2209182109375 0.7599893125 0.2618053296875 0.7599893125 0.2618053296875 0.8550518625000001 0.2209182109375 0.8550518625000001
