1 0.7736000000000001 0.41709218809523807 0.7600015622291022 0.40424062499999996 0.7544031250773995 0.42030468809523813 0.7520031250773993 0.437975 0.7552031250773994 0.45885937499999996 0.7608015622291021 0.47974218809523805 0.7727999999999999 0.48938125 0.7807984377708979 0.4733171869047619 0.7895968749226007 0.46046562500000005 0.7863984377708978 0.437975 0.7799984377708978 0.4219109380952381 0.7736000000000001 0.41709218809523807
1 0.7448046873065016 0.48135 0.7456031250773995 0.4684984369047619 0.7432046873065016 0.455646875 0.7304062501547988 0.454040625 0.7384046873065016 0.48135 0.7416046873065015 0.4958078130952381 0.7448046873065016 0.48135
1 0.7112093752321982 0.507051561904762 0.7024109374613002 0.48616875000000004 0.6968109374613004 0.5102656250000001 0.6992109374613004 0.5327546880952381 0.7072093752321982 0.5231171880952381 0.7112093752321982 0.507051561904762
1 0.6552171876160992 0.571309375 0.664015624767802 0.566490625 0.664015624767802 0.5504265630952381 0.6624156247678019 0.5327546880952381 0.6536171876160991 0.5279359380952381 0.6488187498452012 0.5407875 0.6488187498452012 0.560064061904762 0.6552171876160992 0.571309375
1 0.6368203126934985 0.5809484380952381 0.6416187498452013 0.566490625 0.6400187498452012 0.553639063095238 0.6320203126934985 0.5472125 0.6368203126934985 0.5809484380952381
1 0.4450437498452013 0.5402109380952381 0.44886874984520125 0.5511828119047619 0.45105312507739936 0.5621546880952382 0.4526921876160991 0.533628125 0.45105312507739936 0.51716875 0.44559062476780187 0.5215578130952381 0.4444984377708978 0.529239063095238 0.4450437498452013 0.5402109380952381
1 0.25109687492260063 0.49741875 0.2538281250773994 0.4985171869047619 0.2598375003095975 0.48864218690476185 0.26584843777089784 0.48315625 0.26857968730650156 0.466696875 0.2702187498452012 0.45353125 0.26694062476780184 0.4381703119047619 0.2620234377708978 0.4217109380952381 0.2538281250773994 0.41403125 0.25000468730650155 0.422809375 0.24727187492260064 0.43158593690476194 0.24290156222910217 0.45353125 0.2407171876160991 0.46450312499999996 0.23962343777089784 0.48315625 0.24399531269349847 0.4897390619047619 0.25000468730650155 0.4908359380952381 0.25109687492260063 0.49741875
1 0.3412421876160991 0.640057813095238 0.3346859374613003 0.6367656249999999 0.33031562476780185 0.632376561904762 0.33523125015479877 0.6170156250000001 0.3275828123839009 0.6170156250000001 0.32375937523219817 0.6214046880952381 0.3204812501547988 0.633473436904762 0.3204812501547988 0.6499328119047619 0.3232124996904025 0.6620015619047619 0.32812968730650155 0.6565156249999999 0.3346859374613003 0.6543203130952381 0.3412421876160991 0.6477375000000001 0.3412421876160991 0.640057813095238
1 0.3893187498452012 0.6707796869047619 0.38276249969040244 0.658709375 0.37620625015479875 0.66529375 0.37347499999999995 0.6751671880952381 0.37402187492260064 0.6916265630952381 0.37347499999999995 0.705890625 0.37675312507739933 0.7102781250000001 0.3838546873065016 0.6982093749999999 0.390957812383901 0.6905296880952381 0.3936890625386997 0.6850421880952381 0.3893187498452012 0.6707796869047619
2 0.4947609374613003 0.8770546880952381 0.5084187498452012 0.889125 0.514975 0.8957078130952381 0.5237156247678019 0.888028125 0.5280859374613003 0.872665625 0.5264468749226007 0.8529171869047618 0.5231687498452012 0.833167186904762 0.5193453126934984 0.846332811904762 0.5127890625386996 0.850721875 0.5067796873065016 0.83975 0.5078718749226007 0.8156109369047619 0.5007703126934985 0.8221953130952381 0.49366718761609907 0.830971875 0.4882046873065015 0.849625 0.4882046873065015 0.870471875 0.4947609374613003 0.8770546880952381
1 0.5707 0.7344171869047619 0.5739781250773994 0.737709375 0.5788953126934985 0.731126563095238 0.5778031250773994 0.7201531250000001 0.5739781250773994 0.6993062499999999 0.5690609374613003 0.7102781250000001 0.5679687498452013 0.7223484369047619 0.5707 0.7344171869047619
1 0.5821734377708978 0.737709375 0.5859968749226007 0.725639061904762 0.5843578123839009 0.711376561904762 0.5821734377708978 0.6993062499999999 0.5799875003095974 0.715765625 0.5794421876160991 0.742098436904762 0.5821734377708978 0.737709375
1 0.6056656247678018 0.747584375 0.6067578123839009 0.7333203119047619 0.6018406247678019 0.725639061904762 0.5963781250773994 0.7300281249999999 0.5996562501547987 0.743195313095238 0.6056656247678018 0.747584375
2 0.6877437498452013 0.8141703119047619 0.6866249999999999 0.8254109380952381 0.6825203126934984 0.8269109369047619 0.67655 0.8291578119047619 0.6795343752321982 0.8359031250000001 0.6855046873065015 0.8411484369047619 0.6903562501547987 0.842648436904762 0.6952078123839008 0.8389000000000001 0.6944609374613003 0.8291578119047619 0.6877437498452013 0.8141703119047619
1 0.6836390625386997 0.6732812499999999 0.6855046873065015 0.686020311904762 0.6896093752321981 0.6957625000000001 0.6937140625386997 0.6972625 0.6993125003095975 0.6875203119047619 0.698192187616099 0.6755296880952381 0.693342187616099 0.6620390630952381 0.6855046873065015 0.663539063095238 0.6836390625386997 0.6732812499999999
1 0.7261781250773993 0.67178125 0.7366265622291022 0.6740296880952381 0.7358812501547989 0.659790625 0.7336421876160991 0.6493 0.7295374996904025 0.6343109369047619 0.7265515622291022 0.62456875 0.7231937498452014 0.619323438095238 0.7194625003095975 0.628315625 0.7190890625386996 0.6478015619047619 0.7205812501547987 0.660540625 0.7261781250773993 0.67178125
1 0.7593890625386998 0.643304686904762 0.7578968749226006 0.6275671869047619 0.755657812383901 0.612578125 0.7511796873065015 0.605834375 0.7467015622291022 0.6035859380952381 0.7437171876160992 0.5908453130952381 0.7373734377708978 0.589346875 0.7366265622291022 0.59309375 0.7332687498452013 0.610329688095238 0.7325218749226006 0.6305640619047619 0.7358812501547989 0.6485500000000001 0.7411046873065016 0.6672859380952381 0.7467015622291022 0.6650375 0.755657812383901 0.654545311904762 0.7593890625386998 0.643304686904762
2 0.21588091269349846 0.7747118821428571 0.216564079876161 0.7904247333333333 0.22271258699690405 0.8184345988095237 0.22544525696594428 0.8443949619047619 0.2309105962848297 0.8491771333333333 0.24252444272445822 0.8519098035714285 0.25208878699690407 0.8491771333333333 0.25755412693498453 0.8430286273809524 0.26165313126934986 0.8355137845238095 0.26506896842105265 0.8252662738095238 0.26643530340557275 0.8109197571428571 0.26506896842105265 0.8013554130952382 0.2602867962848297 0.7876920642857143 0.25687095913312696 0.7808603892857143 0.24935611702786378 0.7699297107142857 0.239791773374613 0.7610485333333333 0.23364326625386997 0.7583158630952381 0.2213462520123839 0.7671970404761905 0.21588091269349846 0.7747118821428571
0 0.20005785944272444 0.6972700642857144 0.20983267368421055 0.6901018678571429 0.22091079628482974 0.6725072023809524 0.2508868922600619 0.6321046380952381 0.2684815578947368 0.5975669619047619 0.2626166693498452 0.5747590630952382 0.25805508916408665 0.5688941738095238 0.24306704148606811 0.546086275 0.23524719009287925 0.5428280035714286 0.2274273386996904 0.5245816845238095 0.2183041789473684 0.5337048440476191 0.21309094489164088 0.5512995095238096 0.20787771083591333 0.5786689880952381 0.20136116842105262 0.6164649357142857 0.1857214656346749 0.6477443404761904 0.1779016148606811 0.6614290797619047 0.1759466520123839 0.6777204369047619 0.1824631944272446 0.6933601392857143 0.20005785944272444 0.6972700642857144
