1 0.684075 0.48326406190476195 0.6892999999999999 0.490128125 0.6937781250773993 0.4873828130952381 0.7019874996904025 0.477771875 0.7027328123839008 0.47090624999999997 0.7001203126934984 0.45649062500000004 0.6982546873065015 0.4448203130952381 0.6956437498452013 0.43932812499999996 0.6919125003095975 0.435209375 0.6844484377708978 0.43726875 0.680717187616099 0.4530578119047619 0.6822093752321982 0.47090624999999997 0.684075 0.48326406190476195
1 0.6338296873065016 0.5046203119047619 0.6354515622291022 0.4999328119047619 0.6366109374613003 0.4956703119047619 0.6370734377708978 0.4884234380952381 0.6356828123839009 0.48373437500000005 0.6335984377708979 0.480325 0.63105 0.4884234380952381 0.6298906247678019 0.4935390619047619 0.6301218749226006 0.5020640630952381 0.6322078123839009 0.5059 0.6338296873065016 0.5046203119047619
1 0.6266468749226006 0.4769140630952381 0.6243296873065016 0.48288281309523806 0.6252562501547988 0.492259375 0.6259515622291022 0.4969484380952381 0.6282687498452013 0.5007843750000001 0.6305859374613003 0.4999328119047619 0.6303546873065016 0.490128125 0.6298906247678019 0.48543906190476194 0.6266468749226006 0.4769140630952381
1 0.6901328123839009 0.5736125 0.6892890625386997 0.5681875 0.6876046873065015 0.5643125 0.683392187616099 0.5627625 0.6829703126934985 0.567025 0.6829703126934985 0.57245 0.6846562501547987 0.5782640619047619 0.6869734377708978 0.5825265630952381 0.6888687498452012 0.578651561904762 0.6901328123839009 0.5736125
1 0.6697 0.570125 0.6697 0.578651561904762 0.6701218749226007 0.586401563095238 0.6737031250773994 0.5937640630952381 0.6774937498452012 0.5991890619047618 0.6812859374613003 0.6011265619047619 0.6827593752321981 0.5922140619047619 0.68255 0.5817515630952381 0.68255 0.57555 0.6806531250773994 0.5666375 0.6785468749226006 0.5635375 0.6743343752321981 0.5612125 0.6720171876160991 0.5650875 0.6697 0.570125
1 0.6324187498452012 0.5782640619047619 0.6349468749226006 0.5891140630952381 0.6372625003095975 0.598026563095238 0.6408437498452012 0.6092640619047619 0.6418968749226005 0.6061640630952381 0.6435828123839009 0.5991890619047618 0.6452671876160991 0.5953140619047619 0.6463203126934984 0.5891140630952381 0.6465312501547988 0.5836890619047619 0.6433718749226006 0.573225 0.6404218749226006 0.5678 0.634525 0.5681875 0.6315765622291022 0.5740000000000001 0.6324187498452012 0.5782640619047619
1 0.6301015622291022 0.5751625 0.6254671876160991 0.577876563095238 0.6237828123839009 0.5833015619047619 0.6227296873065016 0.5891140630952381 0.6269421876160991 0.5949265630952381 0.6290484377708978 0.5964765630952381 0.6309437498452012 0.5891140630952381 0.6313656247678019 0.5782640619047619 0.6301015622291022 0.5751625
1 0.6052468749226007 0.578651561904762 0.6008234377708979 0.5774874999999999 0.6006124996904025 0.5836890619047619 0.6014546873065015 0.5902765630952381 0.6041937498452012 0.5988015630952381 0.605457812383901 0.5964765630952381 0.6075640625386997 0.5910515630952381 0.6069312501547988 0.584076563095238 0.6052468749226007 0.578651561904762
1 0.36264843777089784 0.579378125 0.3634124996904025 0.5845359380952382 0.36545156222910213 0.58969375 0.36800000000000005 0.5840671880952382 0.369275 0.5760968750000001 0.36723593746130034 0.56765625 0.3634124996904025 0.5714078130952381 0.36264843777089784 0.579378125
1 0.33716093746130027 0.5826609380952381 0.3399640625386997 0.5760968750000001 0.3420031250773994 0.5704703130952381 0.3423375003095975 0.568934375 0.3435328123839009 0.5634375 0.34047499999999997 0.5578109380952381 0.33838437523219816 0.5655 0.33716093746130027 0.5700015619047619 0.3369062501547988 0.577503125 0.33588749969040244 0.5850046880952381 0.33716093746130027 0.5826609380952381
1 0.3267109374613003 0.5517140619047619 0.32365312507739935 0.555934375 0.319575 0.5610921869047619 0.31575156222910217 0.5704703130952381 0.31345781238390097 0.575628125 0.31498750030959755 0.5812546880952381 0.3167718749226006 0.58781875 0.32110468730650155 0.5939140619047619 0.32518281238390095 0.5934453119047619 0.33104374984520124 0.58688125 0.3325734377708978 0.575159375 0.3328281250773994 0.5662499999999999 0.3356312501547988 0.556403125 0.3338484377708978 0.5498390619047618 0.33104374984520124 0.5484328119047619 0.3267109374613003 0.5517140619047619
1 0.2902656247678018 0.5732828130952381 0.2935781250773994 0.5695328119047619 0.2966375003095975 0.5639062499999999 0.29816718761609906 0.556871875 0.2961281250773994 0.5493703119047619 0.2925593752321981 0.543275 0.2897562501547988 0.5465578130952381 0.28873593746130033 0.554528125 0.2879718749226006 0.56484375 0.2874624996904025 0.5765656250000001 0.2902656247678018 0.5732828130952381
1 0.2767578123839009 0.5362421880952382 0.2734437498452012 0.5395234380952381 0.2701312501547988 0.5460890619047619 0.26656249969040247 0.554528125 0.2670718749226006 0.5620296880952381 0.2706406247678019 0.5723453119047619 0.2747187498452012 0.5765656250000001 0.27828750030959754 0.577034375 0.28210937523219815 0.568125 0.2846578123839009 0.556871875 0.2864421876160991 0.547026561904762 0.2872078123839009 0.5381171880952381 0.2866968749226006 0.532490625 0.2841484377708978 0.5263953119047619 0.28058125015479873 0.5268640619047619 0.2767578123839009 0.5362421880952382
1 0.280325 0.4480921880952381 0.27624843777089786 0.44856250000000003 0.2752281250773994 0.4546578119047619 0.2739546873065016 0.463096875 0.27599374984520125 0.4696609380952381 0.2795609374613003 0.47247500000000003 0.28134531269349844 0.463565625 0.2816 0.4551265619047619 0.280325 0.4480921880952381
1 0.2882265622291022 0.4659109369047619 0.28924531269349846 0.46028437499999997 0.28848125015479875 0.45371874999999995 0.2864421876160991 0.4504375 0.2838937498452012 0.45090625 0.2831296873065015 0.4570015619047619 0.28262031269349847 0.465440625 0.282875 0.47294375 0.2849140625386997 0.47012968690476187 0.2882265622291022 0.4659109369047619
1 0.32747656222910215 0.4893546880952381 0.32824062476780186 0.4795078130952381 0.32722187492260063 0.4710671880952381 0.3254375003095975 0.461690625 0.32441718761609906 0.4659109369047619 0.3221234377708978 0.4691921880952381 0.319575 0.4752875 0.3200843752321982 0.484665625 0.32186874984520125 0.4902921869047619 0.3246718749226006 0.49122968809523815 0.32747656222910215 0.4893546880952381
1 0.3338484377708978 0.47435 0.33104374984520124 0.47200625 0.3297703126934985 0.4799765630952381 0.3297703126934985 0.485603125 0.33002499999999996 0.49545 0.33155468730650156 0.4907609369047619 0.3338484377708978 0.486071875 0.33410312507739937 0.48044531309523814 0.3338484377708978 0.47435
