1 0.20331562476780185 0.3491734369047619 0.20913437523219816 0.3491734369047619 0.2142234377708978 0.376465625 0.22222343777089784 0.3635375 0.22949374984520124 0.3434265630952381 0.22513125015479876 0.3190078130952381 0.2258578123839009 0.3046421880952381 0.21495156222910217 0.2931515619047619 0.20258906253869968 0.3046421880952381 0.19604531269349845 0.3261890619047619 0.19531718761609906 0.3477359369047619 0.20331562476780185 0.3491734369047619
1 0.4591281250773994 0.4605296869047619 0.45666406253869973 0.4637734369047619 0.45625468730650154 0.4710703130952381 0.4591281250773994 0.47999062499999995 0.46651562476780184 0.48323281309523813 0.46774687492260064 0.4710703130952381 0.468157812383901 0.4605296869047619 0.46774687492260064 0.4483671869047619 0.46487343777089785 0.43620468690476194 0.45994843777089783 0.43863749999999996 0.45830625015479876 0.442690625 0.4615906247678018 0.45242187500000003 0.4591281250773994 0.4605296869047619
1 0.4685687498452012 0.43215 0.4673375003095975 0.449178125 0.4689781250773994 0.4670171880952381 0.46692656222910217 0.47999062499999995 0.46651562476780184 0.49215312499999997 0.47103125015479874 0.4970171880952381 0.4739046873065016 0.49620624999999996 0.47759843777089783 0.497828125 0.48129218761609904 0.49215312499999997 0.48334531269349845 0.4808015630952381 0.4858078123839009 0.4726921880952381 0.48457656222910217 0.4605296869047619 0.47800937523219816 0.456475 0.47595625015479875 0.4499890630952381 0.4726734377708979 0.4410703130952381 0.4685687498452012 0.43215
1 0.5621546873065015 0.47755781309523815 0.5633859374613003 0.4629625 0.5596921876160991 0.45080000000000003 0.5551765622291022 0.45890781309523815 0.5527140625386997 0.467828125 0.551892187616099 0.48161093690476187 0.551892187616099 0.49215312499999997 0.5535343752321982 0.497828125 0.5588703126934984 0.48972031190476195 0.5621546873065015 0.47755781309523815
1 0.7029437498452012 0.4175546880952381 0.7033546873065015 0.426475 0.7078703126934985 0.43539375 0.7111531250773994 0.440259375 0.7033546873065015 0.40458125 0.7029437498452012 0.4175546880952381
1 0.7173109374613003 0.4013390630952381 0.711975 0.39890625 0.7111531250773994 0.41998749999999996 0.711975 0.4297171880952381 0.7144374996904025 0.43701562499999996 0.7193625003095976 0.4289078119047619 0.721415624767802 0.42079843690476193 0.7205937498452013 0.4102578119047619 0.7173109374613003 0.4013390630952381
1 0.17494374984520122 0.3762734369047619 0.1670109374613003 0.39194375000000004 0.16635000000000003 0.410225 0.1670109374613003 0.4180609380952381 0.17494374984520122 0.42197812500000004 0.18221562476780184 0.42589531190476193 0.19014843777089782 0.4180609380952381 0.19808125015479877 0.4076140619047619 0.20072500000000001 0.39455468690476186 0.1941140625386997 0.38802499999999995 0.18287656222910215 0.377578125 0.17494374984520122 0.3762734369047619
0 0.7692343820433437 0.5247391392857143 0.7698727510835913 0.5375065142857143 0.7724262260061919 0.5515506273809524 0.7781715455108359 0.5904911238095238 0.789023814241486 0.6128340309523809 0.7947691337461301 0.6179409809523809 0.8088132470588236 0.6294316190476191 0.8183887783281734 0.6045352369047619 0.8151969343653251 0.5815539607142858 0.8164736718266254 0.45388020357142855 0.8158353034055728 0.4219617642857143 0.8094516154798762 0.4213233964285714 0.8024295591331269 0.42068502738095237 0.7845552328173374 0.4187699214285714 0.7768948074303407 0.4219617642857143 0.7666809071207431 0.4315372964285714 0.7622123256965944 0.44238956547619046 0.7596588507739939 0.4577104166666666 0.7634890631578947 0.4749463738095238 0.7660425380804954 0.48771375 0.7711494885448916 0.4966509119047619 0.7717878575851393 0.5170787130952381 0.7692343820433437 0.5247391392857143
0 0.1538336959752322 0.4349298142857143 0.14823974365325077 0.5356209607142857 0.15243520804953561 0.5684854321428572 0.1692170656346749 0.5642899678571429 0.1901943882352941 0.5342224726190477 0.21746490712074304 0.44891469523809524 0.22305885944272444 0.4258396404761905 0.2167656625386997 0.40835853928571425 0.2139686866873065 0.4062608071428571 0.2048785133126935 0.403463830952381 0.1908936321981424 0.3985691214285714 0.1790064829721362 0.39227592499999997 0.16711933374613003 0.3894789488095238 0.15802916037151704 0.39227592499999997 0.1538336959752322 0.4349298142857143
1 0.3683943653250774 0.5371034964285715 0.36784122043343653 0.5390395035714286 0.3675646482972136 0.5409755095238095 0.3675646482972136 0.5434646607142857 0.3686709374613003 0.5503789690476191 0.3708835164086688 0.5550806988095238 0.3722663783281734 0.5550806988095238 0.37392581238390094 0.5539744095238095 0.37669153560371516 0.5492726797619047 0.3777978253869969 0.5442943773809523 0.37641496346749226 0.539316075 0.37447895727554176 0.5343377726190476 0.3725429504643963 0.5293594714285714 0.37060694427244584 0.5293594714285714 0.37005379938080496 0.5310189047619047 0.3683943653250774 0.5371034964285715
