1 0.1971820215082971 0.2925511034418954 0.23117414362332056 0.29369974746797206 0.22836112873142156 0.37694335643528654 0.19436900685900582 0.3757947172759615
1 0.4582316450644157 0.43583208842971866 0.4696877766717762 0.4364747679397101 0.4670628021469838 0.48326350858390443 0.4556066707159516 0.48262083118196397
1 0.4676634804363857 0.43213268835922036 0.4865765710641199 0.4324943669536118 0.48532427544409984 0.497975866962285 0.466411184859453 0.4976141900567266
1 0.560395893857617 0.4984069179835089 0.5502069355737831 0.4975474438918385 0.5541897092672343 0.450335845224674 0.564378597993823 0.4511953163623897
1 0.71115315229315 0.4402593690346479 0.7065858453353258 0.44125762669180124 0.6987874013835835 0.4055795052904533 0.7033546874999956 0.4045812500000114
1 0.7226303275273267 0.4363768469216314 0.7124926597098238 0.4371672602290709 0.7095242871833989 0.39909732753893895 0.7196619058902343 0.3983069161566825
1 0.17603617187739928 0.3741154619233536 0.20708323890778502 0.3898317361329185 0.18747810923775887 0.42855921732822005 0.15643106997652012 0.4128429848167727
0 0.8187044949223719 0.6293058925940767 0.7618486317179531 0.6300285788218097 0.7591681113226514 0.41909261753036103 0.8160221083800252 0.41836994295757074
0 0.15838872166921192 0.3886202478513271 0.22606505439853208 0.39527656022233665 0.20848574629280847 0.5739982165660179 0.14080942584087097 0.5673419904113745
1 0.3654400827438167 0.5301860935072097 0.37528841131211266 0.5286105029678377 0.379342503462226 0.5539486227014472 0.3694941756893968 0.5555242099001022
