1 0.27157386727913035 0.4363545570152384 0.2831576776646898 0.437117028452875 0.280154307051248 0.48274272168198235 0.26857049690136137 0.48198025268511524
2 0.34871009965911526 0.3829688034534356 0.37806186491604876 0.37882869047222684 0.38572254506993886 0.4331372398107033 0.35637078280672085 0.43727733868737406
1 0.3846144484107299 0.5360399950839788 0.4020323130370116 0.538189550767592 0.3962068356796635 0.5853889929187478 0.37878897263919953 0.5832394459656992
1 0.561624395294757 0.605778742727544 0.555182045123729 0.606250041229011 0.5523839444670102 0.5680055825678856 0.558826250498214 0.5675342856910908
1 0.6101541975513101 0.5092912381810405 0.6296835848042974 0.506995464231229 0.6368336801385794 0.5678137456515756 0.6173042948987586 0.5701095080806899
1 0.7499831559282484 0.598046344552338 0.7320192505035266 0.5975399218562336 0.7331736810062921 0.5565966365241819 0.7511374566760196 0.5571030573861393
1 0.7089519786852634 0.6172040779448642 0.7004255527233454 0.6183269215878594 0.6962899556018556 0.5869261698261667 0.7048163327960992 0.5858033294309078
1 0.6984156357243592 0.622606249518998 0.6917856291593125 0.6229036144944856 0.6903600538961427 0.5911222985189621 0.6969900215561893 0.5908249344168152
1 0.6416297570805227 0.6154582814094641 0.6581955563412976 0.6143686929276854 0.6603526130066939 0.6471600592752296 0.643786814087548 0.6482496443166516
1 0.6454656427887357 0.6550265628996788 0.6336976155419052 0.6547621573206065 0.6343305528002929 0.6265968694367426 0.6460985155638355 0.6268612742927012
1 0.2909524370057852 0.6217315769401877 0.266532824586875 0.6250794645813854 0.26090898705933796 0.5840628502099211 0.285328415820004 0.5807149753598295
