1 0.27243125015479874 0.482234375 0.2790421876160991 0.4742015619047619 0.28168593746130033 0.459475 0.27705937523219815 0.436715625 0.27110937523219814 0.4434109380952381 0.2697874996904025 0.4634921880952381 0.27243125015479874 0.482234375
2 0.37423437523219816 0.4206515619047619 0.3834890625386997 0.430021875 0.3815062501547988 0.403246875 0.3755562501547987 0.389859375 0.3663015622291022 0.38048750000000003 0.3563859374613003 0.3885203119047619 0.3517593752321982 0.40458593809523813 0.35440312507739935 0.423328125 0.36035312507739936 0.436715625 0.36233593746130033 0.41395625 0.3689468749226006 0.409940625 0.37423437523219816 0.4206515619047619
1 0.3815062501547988 0.5612234369047618 0.3815062501547988 0.581304688095238 0.3848125003095975 0.5839828130952381 0.39340625015479874 0.5786281249999999 0.39935468730650153 0.559884375 0.39869374984520123 0.5451578130952381 0.39340625015479874 0.537125 0.38415 0.5398031249999999 0.3815062501547988 0.5612234369047618
1 0.5547531250773994 0.59434375 0.5559843752321981 0.60099375 0.5588562501547988 0.60598125 0.5609093752321982 0.59600625 0.5600890625386997 0.58603125 0.5592671876160991 0.5735609380952381 0.5559843752321981 0.5677421869047619 0.5535203126934984 0.5835374999999999 0.5547531250773994 0.59434375
1 0.6220687498452012 0.507890625 0.6134484377708979 0.509553125 0.6126281250773994 0.530334375 0.6150906247678019 0.5461296880952381 0.616732812383901 0.5652484380952382 0.6233 0.5694046869047619 0.6278156247678018 0.5619234369047619 0.6327406247678019 0.5419734369047619 0.6323296873065015 0.529503125 0.6306890625386996 0.517034375 0.6220687498452012 0.507890625
1 0.7365890625386997 0.59766875 0.7447984377708978 0.59766875 0.7501343752321982 0.59268125 0.7509546873065015 0.5635859380952382 0.7452093752321981 0.5569359380952381 0.7390515622291022 0.5652484380952382 0.7324843752321981 0.58104375 0.7365890625386997 0.59766875
1 0.7058031250773994 0.61761875 0.7070359374613003 0.60265625 0.7053937498452012 0.5901875 0.6967734377708978 0.5868625 0.6975953126934985 0.5968375 0.7021093752321982 0.60930625 0.7058031250773994 0.61761875
1 0.6975953126934985 0.60431875 0.6963625003095976 0.595175 0.6926687498452012 0.59101875 0.6910265622291022 0.60598125 0.6934906247678019 0.61928125 0.6984156247678018 0.6226062499999999 0.6975953126934985 0.60431875
1 0.6466968749226006 0.615125 0.6417718749226006 0.61761875 0.642592187616099 0.630089063095238 0.6483390625386997 0.646714061904762 0.6544953126934984 0.6475453130952382 0.6581890625386997 0.635907813095238 0.6590109374613004 0.6267640630952381 0.6532640625386997 0.61845 0.6466968749226006 0.615125
1 0.6454656247678018 0.6550265619047619 0.6458765622291023 0.6367390619047619 0.6417718749226006 0.6267640630952381 0.636025 0.632582813095238 0.6339718749226007 0.6425578130952381 0.6397187498452012 0.6483765630952381 0.6454656247678018 0.6550265619047619
1 0.2875390625386997 0.5968375 0.28138125015479876 0.58769375 0.2768671876160991 0.5818749999999999 0.2686578123839009 0.5901875 0.2641421876160991 0.60764375 0.26742656222910216 0.62094375 0.27850937523219815 0.6234375 0.2863078123839009 0.62094375 0.28959062476780184 0.6118 0.2875390625386997 0.5968375
