1 0.20699843777089785 0.39865156309523814 0.2020109374613003 0.39750625 0.19858281238390094 0.399225 0.19577656222910217 0.3889140630952381 0.19359531269349844 0.395215625 0.191725 0.40323437500000003 0.1907890625386997 0.4135453119047619 0.19141250030959753 0.42213593690476187 0.1920359374613003 0.4295828119047619 0.19328281238390094 0.432446875 0.19982968730650155 0.4347375 0.20481562476780188 0.4433296869047619 0.21011562476780185 0.44447499999999995 0.21510312507739937 0.435884375 0.21697343777089784 0.4295828119047619 0.21697343777089784 0.42099062499999995 0.2160375003095975 0.41239843809523813 0.2119859374613003 0.4020890619047619 0.20699843777089785 0.39865156309523814
1 0.2319359374613003 0.45478593690476193 0.23536406253869968 0.459940625 0.23910468730650153 0.45535937499999996 0.24004062476780186 0.45135000000000003 0.240975 0.4427578119047619 0.24035156222910217 0.434165625 0.23848125015479876 0.430728125 0.23349374984520122 0.4313015630952381 0.23224687492260063 0.438175 0.2319359374613003 0.443903125 0.2319359374613003 0.44791250000000005 0.2319359374613003 0.45478593690476193
1 0.2696531250773994 0.4673875 0.2671593752321982 0.4794171880952381 0.2659125003095975 0.4874359380952381 0.2712109374613003 0.490871875 0.2746406247678018 0.490871875 0.27931562476780186 0.4880078119047619 0.2821218749226006 0.4805625 0.2830562501547988 0.469678125 0.28118593746130033 0.4610875 0.27838125015479875 0.4507765619047619 0.27401718761609906 0.45593125 0.27183437523219817 0.46165937500000004 0.2696531250773994 0.4673875
1 0.3229562501547988 0.517221875 0.3257609374613003 0.510346875 0.32420312507739935 0.5029015630952381 0.32170937523219817 0.5000375 0.3185921876160991 0.5029015630952381 0.31796874984520124 0.507482811904762 0.31640937523219814 0.513784375 0.31640937523219814 0.5183671869047619 0.3185921876160991 0.52123125 0.3229562501547988 0.517221875
1 0.626367187616099 0.48826875000000003 0.62495 0.49243437500000004 0.6229656247678018 0.5012875 0.62495 0.5127421869047619 0.6306171876160991 0.5195124999999999 0.6348671876160991 0.5215953130952381 0.6408187498452013 0.52628125 0.6442187498452013 0.5184703130952381 0.6428031250773993 0.5044109369047619 0.6411015622291022 0.4981625 0.6374187498452012 0.49035156190476187 0.6345843752321981 0.4820203130952381 0.6323171876160991 0.4778546880952381 0.63005 0.48306093690476193 0.626367187616099 0.48826875000000003
1 0.7178968749226006 0.44869375000000006 0.7246984377708979 0.4565046880952381 0.7303656247678019 0.457025 0.7263984377708979 0.4377578130952381 0.7224312501547987 0.4309890630952381 0.7181796873065015 0.420053125 0.7173296873065015 0.435675 0.7178968749226006 0.44869375000000006
1 0.7558687498452012 0.424740625 0.7553031250773994 0.4080765619047619 0.7519015622291021 0.393496875 0.7493515622291022 0.3955796869047619 0.7439671876160991 0.401828125 0.7414171876160991 0.4080765619047619 0.7414171876160991 0.4153671869047619 0.7476515622291021 0.424740625 0.7541687498452013 0.4309890630952381 0.7558687498452012 0.424740625
1 0.5798921876160991 0.661670313095238 0.5855609374613003 0.66115 0.5872609374613004 0.6575046869047619 0.5869765622291021 0.6522968750000001 0.5801765622291022 0.644485936904762 0.575075 0.645007813095238 0.5702578123839009 0.644485936904762 0.566575 0.6470906249999999 0.569125 0.650735936904762 0.5722421876160991 0.6559421869047619 0.5753593752321982 0.659067186904762 0.5798921876160991 0.661670313095238
1 0.3772796873065015 0.642403125 0.3784125003095975 0.637196875 0.37954531269349845 0.6319890630952381 0.3772796873065015 0.627303125 0.37444531269349846 0.627303125 0.3713281250773994 0.6351140630952381 0.3713281250773994 0.644485936904762 0.3716109374613003 0.64969375 0.37387812507739937 0.64813125 0.3772796873065015 0.642403125
1 0.30133437523219814 0.5965796869047619 0.2985 0.5799171869047619 0.2951 0.5799171869047619 0.29056562476780184 0.5856453119047619 0.29056562476780184 0.5965796869047619 0.2902828123839009 0.605953125 0.2965171876160991 0.6043906250000001 0.2990671876160991 0.60335 0.30133437523219814 0.5965796869047619
1 0.23445781238390093 0.5445078130952381 0.23870781238390093 0.5382578130952381 0.24295937523219815 0.5273234380952381 0.23814062476780185 0.524198438095238 0.2336078123839009 0.5226359380952381 0.22879062476780185 0.5195124999999999 0.22765625015479876 0.5101390619047619 0.22510625015479876 0.5033703119047619 0.22198906253869968 0.497121875 0.21688749969040247 0.5002453119047618 0.21235468730650153 0.507015625 0.21008749969040247 0.515867186904762 0.20952031269349847 0.526803125 0.21037031269349846 0.5356546880952381 0.21377031269349844 0.5445078130952381 0.2205718749226006 0.5497140630952381 0.22680625015479877 0.5481515630952382 0.23445781238390093 0.5445078130952381
2 0.5788710817337461 0.7670041833333333 0.5799430656346749 0.7718281095238095 0.5831590160990713 0.7804039773809525 0.5853029826625387 0.7846919107142857 0.5879829411764705 0.7852279023809524 0.5901269083591331 0.7830839357142858 0.5938788507739938 0.7761160428571428 0.5965588092879257 0.7696841416666667 0.5965588092879257 0.7648602166666666 0.5960228173374613 0.7605722821428571 0.5938788507739938 0.7552123654761904 0.5917348835913313 0.7552123654761904 0.5895909164086688 0.7589643071428572 0.5847669913312693 0.7589643071428572 0.5777990984520124 0.7557483571428572 0.5724391808049536 0.7530683976190476 0.5740471560371517 0.7552123654761904 0.5751191399380805 0.7605722821428571 0.5788710817337461 0.7670041833333333
