1 0.2894859374613003 0.4912765619047619 0.2795968749226006 0.501303125 0.27245625015479874 0.518015625 0.26860937523219813 0.5436390619047619 0.27245625015479874 0.5592359380952381 0.28509062476780184 0.563692186904762 0.2900359374613003 0.5558937500000001 0.2966281250773994 0.5302703119047619 0.29388125015479877 0.4979609380952381 0.2894859374613003 0.4912765619047619
1 0.6512875003095975 0.616264061904762 0.6518640625386998 0.611189061904762 0.6499390625386997 0.604940625 0.6485906247678018 0.600645313095238 0.6458953126934984 0.604940625 0.6430078123839009 0.61275 0.6430078123839009 0.6240749999999999 0.6449328123839009 0.63305625 0.6501312501547988 0.640475 0.65225 0.6338359369047619 0.65225 0.628370313095238 0.65225 0.62329375 0.6512875003095975 0.616264061904762
1 0.6148953126934984 0.6435984369047619 0.6191312501547988 0.6420359369047619 0.6204796873065016 0.632665625 0.6216343752321981 0.621340625 0.6206718749226007 0.6154843750000001 0.617782812383901 0.611189061904762 0.6148953126934984 0.619389061904762 0.6127765622291022 0.632665625 0.6148953126934984 0.6435984369047619
1 0.39192343777089783 0.621340625 0.3934640625386997 0.627198438095238 0.3967375003095975 0.630321875 0.3986625003095975 0.62915 0.4013593752321981 0.6244656249999999 0.40232187492260063 0.6158750000000001 0.40039531269349843 0.6084546880952382 0.39789218761609907 0.60533125 0.39538906253869965 0.6061125 0.39327187492260063 0.6096265619047619 0.3915390625386997 0.6143125 0.39192343777089783 0.621340625
1 0.39076874984520127 0.6178265619047619 0.38980625015479875 0.61509375 0.38595468730650156 0.612359375 0.38402968730650155 0.616654686904762 0.3836437498452012 0.623684375 0.38595468730650156 0.62915 0.39019062476780186 0.6256359380952381 0.39076874984520127 0.6178265619047619
0 0.26294297585139315 0.33365033095238095 0.2526314866873065 0.29166783928571427 0.2467392068111455 0.29019476904761904 0.24084692755417955 0.2960870488095238 0.23716425263157895 0.30345239761904763 0.23274504334365323 0.31302735238095236 0.22979890340557274 0.32923112142857147 0.22317008854489165 0.3446983547619048 0.2224335535603715 0.3623751940476191 0.22390662352941176 0.3844712416666667 0.22169701919504645 0.39993847619047623 0.22169701919504645 0.4095134297619048 0.22390662352941176 0.42056145476190476 0.22906236842105263 0.4301364083333334 0.2356911826625387 0.43897482857142855 0.2467392068111455 0.4566516666666667 0.249685346749226 0.44486710714285715 0.2658891157894737 0.42792680357142854 0.26294297585139315 0.33365033095238095
2 0.2583570904024768 0.7731575154761905 0.2660121157894737 0.7798556619047619 0.27558089659442725 0.7769850285714286 0.2794084092879257 0.770286880952381 0.28706343405572754 0.7616749785714285 0.30045972755417955 0.7478002452380952 0.3062009962848297 0.7353608297619048 0.31098538699690403 0.7200507797619048 0.31481289907120746 0.7056976083333333 0.31576977770897835 0.7033054130952382 0.3038088012383901 0.7109604380952381 0.29758909349845203 0.7210076583333334 0.2932831417956656 0.7329686345238096 0.2880203120743034 0.7425374154761906 0.2794084092879257 0.7492355630952381 0.2698396278637771 0.7554552702380953 0.2650552371517028 0.7573690261904762 0.2612277250773994 0.7449296107142857 0.26074928606811143 0.7353608297619048 0.26074928606811143 0.7262704880952382 0.2530942613003096 0.7478002452380952 0.2583570904024768 0.7731575154761905
2 0.7272273659442724 0.4301167119047619 0.730576439628483 0.4061947595238095 0.7353608303405573 0.3923200261904762 0.7406236600619195 0.4038025642857143 0.7497140018575852 0.41576354047619046 0.7568905876160991 0.41959105238095235 0.7564121486068112 0.4057163202380953 0.7549768315789473 0.3870571964285714 0.7525846359133127 0.37940217142857147 0.7463649281733746 0.37174714761904765 0.7406236600619195 0.3660058785714285 0.7334470736842105 0.3621783654761905 0.7286626835913314 0.3616999273809524 0.7262704879256966 0.3621783654761905 0.7229214148606811 0.366962755952381 0.7181370241486069 0.3731824642857143 0.7143095114551083 0.37509622023809525 0.7114388773993807 0.38179436666666666 0.7095251213622291 0.3889709535714285 0.7095251213622291 0.40236724642857147 0.7119173164086687 0.42868139523809523 0.7147879504643964 0.43872861547619046 0.7224429758513932 0.44686207857142857 0.7272273659442724 0.4301167119047619
2 0.631617520743034 0.7868402083333333 0.6379273857585139 0.7918881 0.6423442916408669 0.795674019047619 0.6492851436532507 0.800090925 0.6568569820433436 0.8019838845238095 0.6669527665634675 0.7994599380952381 0.6707386854489165 0.7969359928571429 0.6738936185758514 0.7931500726190477 0.6738936185758514 0.7811613285714286 0.6701076990712075 0.7767444238095238 0.6606429009287925 0.7767444238095238 0.6524400761609906 0.7767444238095238 0.639820345510836 0.7710655440476191 0.632248507120743 0.7464570702380953 0.6259386414860681 0.7571838404761906 0.6272006148606811 0.7666486392857144 0.632248507120743 0.7773754095238096 0.639820345510836 0.776113436904762 0.6309865337461301 0.783054288095238 0.631617520743034 0.7868402083333333
2 0.7439331238390092 0.8057698035714286 0.758445813622291 0.8019838845238095 0.7660176520123839 0.7805303428571428 0.765386665634675 0.77548245 0.764755679256966 0.7641246928571428 0.7660176520123839 0.7508739750000001 0.7685415981424149 0.7357302988095239 0.764124692879257 0.7300514202380952 0.757814827244582 0.735099311904762 0.759076800619195 0.754659894047619 0.759076800619195 0.7679106119047618 0.7470880563467492 0.754659894047619 0.7426711504643962 0.7439331238095238 0.7350993120743033 0.7294204333333334 0.7313133925696594 0.7186936619047619 0.7294204334365324 0.7142767559523809 0.7268964873065016 0.7142767559523809 0.7306824061919505 0.7817923154761905 0.7439331238390092 0.8057698035714286
