1 0.26860937523219813 0.5436390619047619 0.27245625015479874 0.5592359380952381 0.28509062476780184 0.563692186904762 0.2900359374613003 0.5558937500000001 0.2966281250773994 0.5302703119047619 0.29388125015479877 0.4979609380952381 0.2894859374613003 0.4912765619047619 0.2795968749226006 0.501303125 0.27245625015479874 0.518015625 0.26860937523219813 0.5436390619047619
1 0.7417468749226007 0.5070671880952381 0.7398718749226006 0.486521875 0.7368703126934985 0.47130312500000004 0.7289906247678019 0.4659765630952381 0.7181078123839009 0.4690203119047619 0.7106046873065015 0.483478125 0.7113546873065015 0.492609375 0.7124796873065015 0.4979359369047619 0.7166078123839009 0.5070671880952381 0.7184843752321982 0.5177203130952381 0.7192343752321981 0.5344609369047619 0.7222359374613003 0.535221875 0.7312406247678018 0.5268515630952381 0.7398718749226006 0.51848125 0.7417468749226007 0.5070671880952381
2 0.7293453126934984 0.744678125 0.7273718749226007 0.7698328119047619 0.733292187616099 0.7909859380952381 0.7409031250773994 0.80699375 0.7518984377708978 0.8121390619047619 0.7614828123839009 0.8115671869047619 0.7693765622291021 0.797846875 0.7716312501547988 0.7824109369047619 0.7690953126934984 0.7606859380952381 0.7662749999999999 0.738960938095238 0.7609187498452012 0.72238125 0.7617656247678017 0.7401046869047619 0.7569734377708978 0.75725625 0.7502062501547988 0.767546875 0.74485 0.7629718750000001 0.7403406247678018 0.7515390619047619 0.7361109374613003 0.737245311904762 0.7310374996904024 0.7189515630952381 0.7273718749226007 0.7132343750000001 0.7293453126934984 0.744678125
1 0.6430078123839009 0.6240749999999999 0.6449328123839009 0.63305625 0.6501312501547988 0.640475 0.65225 0.6338359369047619 0.65225 0.628370313095238 0.65225 0.62329375 0.6512875003095975 0.616264061904762 0.6518640625386998 0.611189061904762 0.6499390625386997 0.604940625 0.6485906247678018 0.600645313095238 0.6458953126934984 0.604940625 0.6430078123839009 0.61275 0.6430078123839009 0.6240749999999999
1 0.6204796873065016 0.632665625 0.6216343752321981 0.621340625 0.6206718749226007 0.6154843750000001 0.617782812383901 0.611189061904762 0.6148953126934984 0.619389061904762 0.6127765622291022 0.632665625 0.6148953126934984 0.6435984369047619 0.6191312501547988 0.6420359369047619 0.6204796873065016 0.632665625
1 0.40232187492260063 0.6158750000000001 0.40039531269349843 0.6084546880952382 0.39789218761609907 0.60533125 0.39538906253869965 0.6061125 0.39327187492260063 0.6096265619047619 0.3915390625386997 0.6143125 0.39192343777089783 0.621340625 0.3934640625386997 0.627198438095238 0.3967375003095975 0.630321875 0.3986625003095975 0.62915 0.4013593752321981 0.6244656249999999 0.40232187492260063 0.6158750000000001
1 0.38980625015479875 0.61509375 0.38595468730650156 0.612359375 0.38402968730650155 0.616654686904762 0.3836437498452012 0.623684375 0.38595468730650156 0.62915 0.39019062476780186 0.6256359380952381 0.39076874984520127 0.6178265619047619 0.38980625015479875 0.61509375
2 0.26405468730650156 0.745954686904762 0.26264531269349845 0.734520311904762 0.26095468730650156 0.7208 0.25672500000000004 0.728232813095238 0.2527796873065015 0.741953125 0.25136874984520124 0.756817186904762 0.2519328123839009 0.7688234380952381 0.2572890625386997 0.7796859380952381 0.26602812507739937 0.7836875 0.27533125015479876 0.7831156250000001 0.28266093746130033 0.7773984380952381 0.28970937523219814 0.770539063095238 0.2945015622291022 0.761390625 0.29929374984520124 0.748814061904762 0.30380468730650156 0.738523436904762 0.30887968730650156 0.724801563095238 0.31310781238390095 0.706507813095238 0.3167718749226006 0.689928125 0.3102890625386997 0.701934375 0.30747031269349845 0.707651561904762 0.3007031250773994 0.7185125000000001 0.29309218761609906 0.7316625 0.2874546873065016 0.741953125 0.2809703126934985 0.7533875 0.27279531269349844 0.7602484380952381 0.2663109374613003 0.756817186904762 0.26405468730650156 0.745954686904762
2 0.27106093746130033 0.37800625000000004 0.2648703126934985 0.38805156309523814 0.2661078123839009 0.4106515630952381 0.2751890625386997 0.41902187500000004 0.28096718761609907 0.4332515619047619 0.28963437523219815 0.45333906309523814 0.2991281250773994 0.4340875 0.2999531250773994 0.418184375 0.29871562476780184 0.406465625 0.29541249969040245 0.3863765619047619 0.2846812501547988 0.373821875 0.27106093746130033 0.37800625000000004
2 0.7531468749226006 0.38972500000000004 0.7469562501547988 0.3713109369047619 0.7387015622291021 0.35875468809523814 0.723842187616099 0.3595921869047619 0.7122859374613003 0.36461406309523814 0.701967187616099 0.3905625 0.7048562501547988 0.42488125000000004 0.7164125003095976 0.4499921880952381 0.7213656247678019 0.4324140630952381 0.7267312501547988 0.4139984380952381 0.7316843752321982 0.3989328130952381 0.73705 0.3980953119047619 0.7469562501547988 0.4165109380952381 0.7465437498452012 0.44664375 0.7514968749226006 0.4315765630952381 0.7547984377708978 0.41316250000000004 0.7531468749226006 0.38972500000000004
0 0.2617187498452012 0.2916666666666667 0.21875 0.2916666666666667 0.21875 0.4518229166666667 0.26432291640866873 0.4557291666666667 0.2617187498452012 0.2916666666666667
