1 0.3404093752321981 0.54109375 0.33330468730650153 0.5280343750000001 0.3294296873065016 0.5357515619047619 0.32749374984520124 0.5464359380952382 0.32523281238390095 0.5589015619047619 0.3255562501547987 0.566025 0.3294296873065016 0.56899375 0.33976406253869973 0.5701796880952381 0.3436390625386997 0.5642437499999999 0.3442843752321981 0.5511859380952381 0.3404093752321981 0.54109375
1 0.39045937523219815 0.5612765619047619 0.38723125015479876 0.5505921880952381 0.38044999999999995 0.542875 0.37851249969040246 0.553559375 0.3762515622291021 0.5618703119047619 0.3736687498452012 0.576115625 0.3749609374613003 0.580271875 0.3794812501547988 0.5856140630952381 0.3833562501547988 0.5844265630952381 0.38658437523219813 0.579084375 0.3891687498452012 0.5725546880952381 0.39045937523219815 0.5612765619047619
1 0.6549203126934984 0.554153125 0.6523359374613004 0.536345313095238 0.6474937498452014 0.527442186904762 0.6436187498452013 0.5387203119047619 0.6484625003095975 0.555340625 0.652982812383901 0.562464061904762 0.6549203126934984 0.554153125
1 0.738875 0.4752046869047619 0.7308031250773994 0.460959375 0.7240218749226006 0.45086875000000004 0.7188546873065015 0.457396875 0.7153031250773995 0.4657078130952381 0.7136890625386997 0.4769859380952381 0.7143343752321982 0.4864828119047619 0.7211156247678019 0.4977625 0.7278968749226006 0.504290625 0.7356468749226005 0.5013234369047619 0.7385531250773993 0.49835468690476187 0.7414593752321982 0.4864828119047619 0.738875 0.4752046869047619
1 0.7453343752321983 0.5962984369047619 0.7421046873065016 0.577896875 0.7385531250773993 0.5725546880952381 0.7278968749226006 0.566025 0.7156265622291023 0.5725546880952381 0.7088453126934985 0.579084375 0.7085218749226005 0.585020313095238 0.7104593752321982 0.5957046869047619 0.7046468749226007 0.602828125 0.7027093752321982 0.617667188095238 0.7091687498452012 0.628945311904762 0.7175640625386996 0.634289061904762 0.7243453126934986 0.63785 0.7372609374613003 0.6425984369047619 0.7446875003095975 0.627165625 0.7482390625386997 0.617667188095238 0.7453343752321983 0.5962984369047619
1 0.6348999999999999 0.6532828119047619 0.6365140625386997 0.66159375 0.6403890625386996 0.667529688095238 0.6465249999999999 0.6663421869047619 0.6494312501547987 0.657439061904762 0.6478156247678019 0.649721875 0.6442640625386997 0.644379686904762 0.6374828123839009 0.645567188095238 0.6348999999999999 0.6532828119047619
2 0.769875 0.7031453119047619 0.7760093752321982 0.698396875 0.7785937498452012 0.6924609380952381 0.7785937498452012 0.68474375 0.7763328123839008 0.6752468749999999 0.7682593752321981 0.667529688095238 0.7692281250773993 0.674059375 0.7708437498452012 0.6811828119047619 0.7695515622291021 0.688898438095238 0.7624484377708979 0.690679688095238 0.7585734377708978 0.68593125 0.7537296873065016 0.6811828119047619 0.756957812383901 0.6924609380952381 0.7634171876160991 0.7037390619047619 0.769875 0.7031453119047619
2 0.6355453126934985 0.809992188095238 0.6407124996904024 0.799307813095238 0.6407124996904024 0.78209375 0.6352218749226005 0.7714078130952381 0.6300562501547987 0.7678468749999999 0.6200453126934985 0.7589421880952381 0.6248890625386997 0.767253125 0.6287640625386998 0.77675 0.6281187498452012 0.7886218749999999 0.6258578123839009 0.7957453119047619 0.6226296873065016 0.80168125 0.6194000000000001 0.80049375 0.6245671876160991 0.810585936904762 0.6300562501547987 0.813553125 0.6355453126934985 0.809992188095238
1 0.39272031269349844 0.6556578119047619 0.3888453126934985 0.6467531249999999 0.38464687492260063 0.650909375 0.3820640625386997 0.66159375 0.38174062476780185 0.6776203130952381 0.38270937523219817 0.690679688095238 0.38529374984520126 0.691273438095238 0.3911062501547987 0.68474375 0.39465781238390096 0.674059375 0.39659531269349846 0.66396875 0.39272031269349844 0.6556578119047619
2 0.33524218761609903 0.77675 0.3355656247678019 0.767253125 0.33588906253869966 0.760723436904762 0.33136718761609907 0.7678468749999999 0.3287843752321981 0.77734375 0.3300765622291022 0.7850609380952381 0.33136718761609907 0.790403125 0.3387953126934985 0.7939656249999999 0.34589843777089785 0.7880296880952381 0.34589843777089785 0.782685936904762 0.3410546873065015 0.7874359369047619 0.3368578123839009 0.7844671880952381 0.33524218761609903 0.77675
1 0.5471468749226006 0.5769140630952381 0.5551843752321981 0.5769140630952381 0.557075 0.565615625 0.5504562501547988 0.55605625 0.5471468749226006 0.5769140630952381
2 0.29878959628482976 0.7732551071428572 0.2982274334365325 0.7791578178571429 0.2982274334365325 0.7830929583333334 0.30019500371517027 0.7861848547619047 0.30609771393188856 0.788995669047619 0.31340583219814244 0.7904010761904762 0.3215571944272446 0.7909632392857143 0.32745990526315794 0.7904010761904762 0.32886531269349845 0.7859037726190476 0.32942747554179563 0.781406469047619 0.330270720123839 0.7752226773809524 0.32942747554179563 0.7707253738095238 0.3266166613003096 0.7701632107142857 0.32127611331269346 0.7715686178571429 0.3184652984520124 0.7718497 0.31424907678018577 0.7684767226190476 0.3105950173374613 0.7648226630952382 0.307222040247678 0.7620118488095239 0.304692307120743 0.7603253595238095 0.30160041052631575 0.7606064416666667 0.30019500371517027 0.7656659071428571 0.29878959628482976 0.7732551071428572
