1 0.32414415058269697 0.5683872040512984 0.32883428933621417 0.5275213511818003 0.3476063592555647 0.5296756378742568 0.3429162914868584 0.570541425550787
1 0.3797195865405456 0.5427425819314674 0.3941012334031484 0.5453498579595651 0.38656801671390895 0.5868988312697881 0.37218637236901486 0.5842915647380449
1 0.6408925342259408 0.529365841132937 0.649565328782046 0.5268385106916726 0.6594026452036132 0.5605932701273431 0.6507298537273982 0.5631205931885388
1 0.7492935865943764 0.49359127387675844 0.7258794392992058 0.5068576158577591 0.7014129321140672 0.4636788941147345 0.7248269440214017 0.4504126004164645
1 0.7116620308941037 0.56315461697651 0.7564770686161637 0.5710780848718245 0.7436314632085441 0.6437247624727379 0.6988164393385432 0.6358013483443848
1 0.6335498762188081 0.6463309005293542 0.6467751884767949 0.6437627569419587 0.6509918650098143 0.6654747955976911 0.6377665543705007 0.6680429335108024
2 0.7686952125332027 0.6671200859267408 0.787734658528052 0.6873789849091587 0.7666563118165186 0.7071856435729409 0.7476169288744359 0.6869268060576211
2 0.6200453093288161 0.7589421874507595 0.6413342575250454 0.7592727508096689 0.6404887484532082 0.8137151141729394 0.6191998003092749 0.8133845529761665
1 0.3823662027185719 0.6466223856766042 0.39693944914643 0.646916453289423 0.3960398911617631 0.691490278524655 0.38146664476983005 0.6911962122493249
2 0.3489338028932707 0.7893458615144938 0.3339889347511189 0.7961557252421458 0.32094429063067764 0.7675332756987535 0.3358890624999731 0.760723437499998
1 0.5504562439866731 0.5560562490459989 0.5583919660816719 0.5573152344192251 0.555082596556872 0.5781730455742509 0.5471468749999531 0.5769140624999942
2 0.29607822922184823 0.7870688468572232 0.3013460142169606 0.7596818284180717 0.3327473767301399 0.7657206733729102 0.3274797098400768 0.79310758772814
