1 0.3294296873065016 0.56899375 0.33976406253869973 0.5701796880952381 0.3436390625386997 0.5642437499999999 0.3442843752321981 0.5511859380952381 0.3404093752321981 0.54109375 0.33330468730650153 0.5280343750000001 0.3294296873065016 0.5357515619047619 0.32749374984520124 0.5464359380952382 0.32523281238390095 0.5589015619047619 0.3255562501547987 0.566025 0.3294296873065016 0.56899375
1 0.3749609374613003 0.580271875 0.3794812501547988 0.5856140630952381 0.3833562501547988 0.5844265630952381 0.38658437523219813 0.579084375 0.3891687498452012 0.5725546880952381 0.39045937523219815 0.5612765619047619 0.38723125015479876 0.5505921880952381 0.38044999999999995 0.542875 0.37851249969040246 0.553559375 0.3762515622291021 0.5618703119047619 0.3736687498452012 0.576115625 0.3749609374613003 0.580271875
1 0.6549203126934984 0.554153125 0.6523359374613004 0.536345313095238 0.6474937498452014 0.527442186904762 0.6436187498452013 0.5387203119047619 0.6484625003095975 0.555340625 0.652982812383901 0.562464061904762 0.6549203126934984 0.554153125
1 0.7143343752321982 0.4864828119047619 0.7211156247678019 0.4977625 0.7278968749226006 0.504290625 0.7356468749226005 0.5013234369047619 0.7385531250773993 0.49835468690476187 0.7414593752321982 0.4864828119047619 0.738875 0.4752046869047619 0.7308031250773994 0.460959375 0.7240218749226006 0.45086875000000004 0.7188546873065015 0.457396875 0.7153031250773995 0.4657078130952381 0.7136890625386997 0.4769859380952381 0.7143343752321982 0.4864828119047619
1 0.7085218749226005 0.585020313095238 0.7104593752321982 0.5957046869047619 0.7046468749226007 0.602828125 0.7027093752321982 0.617667188095238 0.7091687498452012 0.628945311904762 0.7175640625386996 0.634289061904762 0.7243453126934986 0.63785 0.7372609374613003 0.6425984369047619 0.7446875003095975 0.627165625 0.7482390625386997 0.617667188095238 0.7453343752321983 0.5962984369047619 0.7421046873065016 0.577896875 0.7385531250773993 0.5725546880952381 0.7278968749226006 0.566025 0.7156265622291023 0.5725546880952381 0.7088453126934985 0.579084375 0.7085218749226005 0.585020313095238
1 0.6878562501547988 0.625978125 0.6907624996904025 0.6319140630952381 0.6930234377708979 0.6277593749999999 0.6936687498452012 0.623603125 0.6927 0.6170734380952381 0.6910859374613003 0.6129187500000001 0.6868874996904024 0.6152937500000001 0.6878562501547988 0.625978125
1 0.6894703126934985 0.6336953119047619 0.6875328123839008 0.625384375 0.6833359374613004 0.6206359369047619 0.6833359374613004 0.628945311904762 0.6846265622291022 0.633101563095238 0.6872109374613002 0.635475 0.6894703126934985 0.6336953119047619
1 0.6442640625386997 0.644379686904762 0.6374828123839009 0.645567188095238 0.6348999999999999 0.6532828119047619 0.6365140625386997 0.66159375 0.6403890625386996 0.667529688095238 0.6465249999999999 0.6663421869047619 0.6494312501547987 0.657439061904762 0.6478156247678019 0.649721875 0.6442640625386997 0.644379686904762
1 0.38529374984520126 0.691273438095238 0.3911062501547987 0.68474375 0.39465781238390096 0.674059375 0.39659531269349846 0.66396875 0.39272031269349844 0.6556578119047619 0.3888453126934985 0.6467531249999999 0.38464687492260063 0.650909375 0.3820640625386997 0.66159375 0.38174062476780185 0.6776203130952381 0.38270937523219817 0.690679688095238 0.38529374984520126 0.691273438095238
1 0.33395156222910216 0.6693109369047618 0.33976406253869973 0.6467531249999999 0.3387953126934985 0.6449734380952381 0.33459687492260065 0.646160938095238 0.3300765622291022 0.652689061904762 0.3281390625386997 0.6598124999999999 0.3300765622291022 0.671684375 0.33395156222910216 0.6693109369047618
2 0.6033498253869969 0.7940716428571428 0.6132926687306501 0.8053703285714285 0.620071880495356 0.809437855952381 0.6236874600619196 0.8107936976190475 0.6304666712074303 0.8080820130952381 0.6367939356037151 0.8035625392857143 0.6386017250773993 0.7958794321428572 0.6395056198142415 0.7868404833333333 0.6408614625386997 0.7805132190476191 0.6404095151702787 0.7728301130952381 0.6367939356037151 0.7637911642857143 0.6331783560371517 0.7565600059523809 0.6259471969040248 0.7533963738095237 0.6187160377708978 0.7515885833333333 0.6187160377708978 0.7543002678571428 0.6205238278637771 0.7583677952380953 0.6300147238390094 0.7814171142857143 0.6268510916408668 0.7967833273809524 0.6141965634674923 0.7877443785714286 0.6083212470588235 0.7778015345238095 0.6038017727554179 0.7660509011904761 0.6001861931888545 0.7579158476190476 0.5979264557275541 0.7628872702380952 0.5961186662538699 0.7755417976190476 0.6033498253869969 0.7940716428571428
2 0.7560346086687306 0.7248735178571429 0.7566396786377709 0.7209405654761905 0.7575472829721362 0.7182177511904762 0.7605726315789474 0.7109569154761904 0.7605726315789474 0.7067214273809523 0.7575472829721362 0.7024859392857143 0.7517991207430341 0.6964352416666666 0.7430256099071209 0.6912921488095237 0.7412104006191951 0.6937124285714286 0.7475636328173374 0.6964352416666666 0.7517991207430341 0.7003681952380953 0.7557320736842106 0.7061163571428571 0.7554295386996904 0.7097467749999999 0.7530092600619195 0.7127721238095237 0.7484712371517028 0.7151924023809524 0.7415129356037151 0.7176126821428572 0.7481687021671826 0.7251760535714286 0.7560346086687306 0.7248735178571429
