2 0.3337977759744035 0.43113936986281964 0.31528139304714387 0.43218252182057376 0.31317791749143 0.39484605445525267 0.3316942141719892 0.3938029049201964
1 0.4544790228733291 0.6050534840899112 0.45077427447279206 0.6052048010729562 0.4494624604475348 0.5730903790464276 0.4531671875000711 0.5729390624999978
1 0.4567214951598544 0.5680433163360603 0.4660484557490463 0.5686781951849317 0.4632125540981633 0.6103359020070934 0.4538855937489643 0.6097010255343375
1 0.48957226415302557 0.5956997544584433 0.49729115374702815 0.5955796610619098 0.49799786892958764 0.6409979341062565 0.4902789793482043 0.6411180269901389
1 0.5545048298705524 0.5720580080630145 0.5630121031940689 0.570958863251945 0.5685775755786153 0.6140305482162265 0.5600703030843306 0.6151296887165072
2 0.676800267272597 0.7143633681256719 0.7012043860491985 0.7101141809058383 0.7107016661950638 0.764650450339375 0.6862975542065897 0.7688996110019723
2 0.6923990809422094 0.7702965525136292 0.6692937582473633 0.80020959870889 0.6216994621755703 0.7634534584813826 0.6448046875000273 0.733540625000022
1 0.41371323663167914 0.6894013784048832 0.4236648585904277 0.6905783819498229 0.4191563085984171 0.728692623666557 0.40920468750005057 0.7275156250000023
1 0.3852753942879872 0.654675542408487 0.39532780454192107 0.6549362019626825 0.3946664727282041 0.6804372213779869 0.38461406249996344 0.6801765624999989
2 0.3305701828955989 0.781874118194294 0.295426266361801 0.7755015306679273 0.30859249710169934 0.7029058213799949 0.34373583576052624 0.7092783548845114
2 0.298709362856016 0.7485893714663243 0.27430404583253676 0.7443210165193375 0.2817542866032454 0.7017301030497206 0.3061593749999929 0.7059984375000027
