2 0.3143125003095975 0.4029921880952381 0.31457031269349844 0.41956093809523815 0.31843437523219814 0.41009375 0.3251328123839009 0.4067796869047619 0.32899687492260066 0.4138796869047619 0.32925468730650154 0.43139531309523815 0.33311874984520123 0.4190875 0.33234531269349843 0.40535937499999997 0.32822343777089785 0.3939984369047619 0.32049531269349846 0.39636406190476187 0.3143125003095975 0.4029921880952381
1 0.45110625015479877 0.59708125 0.4526515622291022 0.605128125 0.45394062476780184 0.5918734369047619 0.453425 0.581459375 0.4531671876160991 0.572939061904762 0.45033281238390094 0.5805125 0.450075 0.5880859380952381 0.45110625015479877 0.59708125
1 0.4560015622291022 0.5786187500000001 0.45497031269349847 0.5937671880952381 0.4562578123839009 0.6098625 0.45857656222910215 0.603234375 0.46218437523219813 0.59708125 0.4647593752321982 0.587614061904762 0.46424531269349845 0.57483125 0.4590921876160991 0.5682046880952382 0.4560015622291022 0.5786187500000001
1 0.492067187616099 0.5956609369047619 0.4897484377708978 0.6070218749999999 0.49000625015479876 0.6235906250000001 0.4910359374613003 0.6411062500000001 0.492325 0.634004686904762 0.49696093746130027 0.6245375 0.49696093746130027 0.61554375 0.4974765622291022 0.6074953130952381 0.4951578123839009 0.6003953130952381 0.492067187616099 0.5956609369047619
1 0.5641359374613003 0.5863203130952381 0.5610390625386997 0.5792078119047619 0.5569734377708978 0.571739063095238 0.5554250000000001 0.5756515619047619 0.5563937498452013 0.5866765619047619 0.5583296873065016 0.6016140630952381 0.5600703126934985 0.615129688095238 0.5616187498452012 0.6133515619047619 0.5656843752321982 0.6058828119047619 0.5666515622291022 0.599125 0.5654906247678019 0.5923671869047619 0.5641359374613003 0.5863203130952381
2 0.6871937498452012 0.7628046869047619 0.6916437498452013 0.76796875 0.6982015622291021 0.765385938095238 0.7035875003095975 0.7580703130952381 0.7059296873065015 0.749464063095238 0.706632812383901 0.741285936904762 0.7049937498452012 0.7322500000000001 0.7019484377708979 0.72579375 0.6939859374613003 0.7171875 0.6902390625386996 0.7120234369047619 0.6970312501547987 0.7339703119047619 0.6965624996904025 0.7473109380952381 0.6937515622291023 0.7533359369047619 0.689067187616099 0.750754688095238 0.6853203126934985 0.741717188095238 0.6804031250773994 0.7313890630952381 0.6813390625386997 0.740426563095238 0.6832124996904025 0.751184375 0.6871937498452012 0.7628046869047619
2 0.6794656247678019 0.778296875 0.6808703126934985 0.766246875 0.6771234377708979 0.7585 0.6719718749226007 0.7576406250000001 0.6689265622291021 0.753767186904762 0.6708000000000001 0.76495625 0.6719718749226007 0.775284375 0.6689265622291021 0.7821703130952381 0.6651796873065016 0.777867186904762 0.6590906247678018 0.767107813095238 0.6537046873065016 0.754628125 0.6506593752321982 0.7460203119047619 0.648317187616099 0.7369828119047619 0.6448046873065016 0.7335406250000001 0.6445703126934984 0.7447296869047619 0.6417609374613003 0.7541968750000001 0.6394187498452012 0.763234375 0.641057812383901 0.7731328130952381 0.6452734377708979 0.7804484380952381 0.6520656247678019 0.786904686904762 0.6595593752321981 0.789485938095238 0.6647109374613004 0.792498438095238 0.67525 0.792498438095238 0.6794656247678019 0.778296875
1 0.42161718761609907 0.6930875 0.41576250030959755 0.68964375 0.4127171876160991 0.697821875 0.4110781250773994 0.7120234369047619 0.40920468730650156 0.727515625 0.4115468749226006 0.72579375 0.41576250030959755 0.7206296869047619 0.41950937523219817 0.715465625 0.4213828123839009 0.7098703119047619 0.42232031269349846 0.699973438095238 0.42161718761609907 0.6930875
1 0.38531718761609907 0.6689875 0.3846140625386997 0.680176563095238 0.3876593752321981 0.677595311904762 0.3946843752321981 0.6711390630952381 0.39515312507739936 0.661671875 0.389532812383901 0.654785938095238 0.3850828123839009 0.662101563095238 0.38531718761609907 0.6689875
2 0.31084218761609905 0.742146875 0.3138875003095975 0.7348312499999999 0.3174 0.726225 0.3185718749226006 0.71374375 0.3174 0.712453125 0.31060781238390095 0.7232125 0.3066265622291022 0.730957813095238 0.30030468730650156 0.748603125 0.3000703126934985 0.759792186904762 0.3040515622291022 0.77098125 0.31084218761609905 0.778296875 0.31810312507739935 0.779157811904762 0.32630000000000003 0.77399375 0.33262343777089787 0.763234375 0.3361359374613003 0.751184375 0.33754062476780183 0.7434390619047619 0.33800937523219815 0.7322500000000001 0.33894687492260067 0.721490625 0.33988281238390095 0.7085796869047619 0.33660468730650156 0.714604688095238 0.3344968749226006 0.7202 0.33004687492260065 0.7326796880952381 0.32653437523219814 0.7361218749999999 0.32208437523219813 0.7460203119047619 0.3183375003095975 0.7593609369047619 0.3124828123839009 0.7576406250000001 0.31084218761609905 0.751184375 0.31084218761609905 0.742146875
2 0.2827390625386997 0.7120234369047619 0.27852343777089783 0.7202 0.2773531250773994 0.728376561904762 0.2780546873065015 0.738704688095238 0.2820374996904025 0.745159375 0.2864859374613003 0.7464515619047619 0.2932781250773994 0.741285936904762 0.29889843777089786 0.7356921869047619 0.3019437498452012 0.7292375 0.3040515622291022 0.7180484369047619 0.3061593752321981 0.7059984380952381 0.3045187498452012 0.7094406249999999 0.30124062476780183 0.715465625 0.29725937523219814 0.7232125 0.2937468749226006 0.7292375 0.2888281250773994 0.7279453119047619 0.2850812501547988 0.7206296869047619 0.28531562476780187 0.712882813095238 0.2843781250773994 0.709010936904762 0.2827390625386997 0.7120234369047619
