1 0.300225 0.45481718809523813 0.29554843777089784 0.459971875 0.2886906247678019 0.47200000000000003 0.28557343777089783 0.481165625 0.28432656222910213 0.4920484380952381 0.28682031269349845 0.5012140630952381 0.29243125015479876 0.508659375 0.2989781250773994 0.513815625 0.3049 0.5098046869047619 0.3105109374613003 0.5035046880952381 0.31331718761609906 0.4863203130952381 0.314875 0.47371874999999997 0.3114468749226006 0.46455468690476187 0.30895312507739936 0.45596250000000005 0.30677031269349847 0.4496609380952381 0.300225 0.45481718809523813
1 0.31331718761609906 0.5149609369047619 0.3167453126934984 0.512096875 0.32297968730650156 0.5035046880952381 0.3260968749226006 0.4977765630952381 0.32734374984520126 0.4903296869047619 0.3267203126934985 0.4857484380952381 0.3254734377708978 0.47601093690476187 0.3189281250773994 0.47200000000000003 0.3154984377708978 0.478875 0.31175781238390093 0.490903125 0.3105109374613003 0.5012140630952381 0.31331718761609906 0.5149609369047619
1 0.5271515622291022 0.512096875 0.5240343752321981 0.5080875 0.5206062501547988 0.5229796869047619 0.5221640625386996 0.5321453119047619 0.5259046873065015 0.52928125 0.5280875003095975 0.5264171869047619 0.5283984377708978 0.5224062500000001 0.5283984377708978 0.51610625 0.5271515622291022 0.512096875
1 0.6855203126934984 0.462675 0.6880953126934984 0.46882812500000004 0.6911874996904025 0.47308906309523807 0.6914453126934984 0.4650421880952381 0.6906718749226006 0.4574671880952381 0.6886109374613002 0.4517875 0.6855203126934984 0.4574671880952381 0.6855203126934984 0.462675
1 0.6919593752321981 0.4612546869047619 0.6911874996904025 0.4669359369047619 0.6929906247678019 0.47308906309523807 0.6945359374613004 0.4711953119047619 0.6958249999999999 0.4664625 0.6960812501547988 0.46078125 0.6927328123839009 0.4565203119047619 0.6919593752321981 0.4612546869047619
1 0.6515140625386997 0.44989375 0.6528031250773995 0.445159375 0.653317187616099 0.43900468809523807 0.6515140625386997 0.4408984380952381 0.6476500000000001 0.445159375 0.6448171876160991 0.447053125 0.6445593752321982 0.46030781190476194 0.6471343752321982 0.459834375 0.6489390625386997 0.4551 0.6504843752321982 0.4527328130952381 0.6515140625386997 0.44989375
1 0.7576515622291022 0.4096546869047619 0.7568796873065016 0.4262234380952381 0.7612578123839009 0.4290640630952381 0.764865624767802 0.42811718809523813 0.7682140625386997 0.424803125 0.770017187616099 0.410128125 0.7687296873065015 0.404921875 0.7625468749226006 0.4072890630952381 0.7576515622291022 0.4096546869047619
1 0.7545609374613003 0.5327359380952381 0.7599703126934985 0.533209375 0.7651218749226006 0.531315625 0.7695015622291022 0.528475 0.7754265622291022 0.5227953119047619 0.7790343752321981 0.516640625 0.7795484377708978 0.50859375 0.7787765622291022 0.5005453119047619 0.7764578123839009 0.498178125 0.7697593752321982 0.49107812500000003 0.767440624767802 0.49628593690476186 0.7620312501547987 0.505753125 0.758425 0.514746875 0.7519843752321982 0.5280015619047619 0.7545609374613003 0.5327359380952381
1 0.7396187498452013 0.52658125 0.7373 0.5303687499999999 0.7388453126934984 0.535103125 0.7393609374613003 0.5403109369047618 0.7416796873065016 0.5403109369047618 0.7445140625386997 0.538890625 0.7445140625386997 0.5322625 0.7429671876160991 0.5280015619047619 0.7396187498452013 0.52658125
1 0.3987953126934985 0.66055 0.40085625015479875 0.662917186904762 0.40549218761609906 0.6591296869047619 0.41038750030959753 0.6529765619047619 0.41038750030959753 0.6444546880952381 0.4091 0.6373546880952381 0.40858437523219815 0.632620311904762 0.4049781250773994 0.62599375 0.40162812507739937 0.626467188095238 0.40162812507739937 0.6345140630952381 0.40111249969040247 0.6425625 0.3987953126934985 0.66055
1 0.28055 0.618892188095238 0.27488281238390094 0.6108453119047619 0.27307812507739937 0.623153125 0.2725640625386997 0.635934375 0.27359374984520124 0.6397218749999999 0.2764281250773994 0.637828125 0.2808078123839009 0.6316734380952381 0.28338281238390095 0.625520313095238 0.28055 0.618892188095238
