1 0.8403906317046221 0.49933281181596095 0.8367703424401043 0.4997021736311079 0.8347234715513423 0.4796412362586222 0.8383437500000355 0.4792718750000019
1 0.8414140625000073 0.4799640625000011 0.8476585950585331 0.47963412808246125 0.8486820310550911 0.49900287863719234 0.8424374985354461 0.49933281257738377
0 0.38305721988217556 0.4045739906301761 0.3339942428423228 0.39759558103730847 0.35386438072009696 0.2579035952083422 0.40292665784613746 0.2648819536360362
0 0.30390005147921784 0.18153640124971973 0.3473834802013016 0.16945790725141285 0.3806769531942109 0.28931499833105384 0.3371935451741592 0.30139343866410684
0 0.8505403982625239 0.2771542450708009 0.8989429253039134 0.270721239723369 0.920757354508055 0.4348494828900295 0.8723548393642204 0.4412824311324921
0 0.9077273987488752 0.3411231757291439 0.8759191332793534 0.3390842395447743 0.8824868777840038 0.2366297657459392 0.9142948485517763 0.23866869228160106
0 0.9336059081181247 0.7033563071656465 0.8842273413130215 0.7028542065371614 0.8861649625692962 0.5124048480869143 0.9355418368046458 0.512906940274706
0 0.3515691271650212 0.7080064657454541 0.2859363454392678 0.7046695714233073 0.29529572517617453 0.5206233678383948 0.360926296073103 0.5239602066723859
1 0.5041592296874999 0.6298337046875 0.51950320625 0.6298337046875 0.51950320625 0.6736736375000001 0.5041592296874999 0.6736736375000001
2 0.8751662368484858 0.7527082554912756 0.8469155769059853 0.7695567792938509 0.8230359406580874 0.7295231816918307 0.8512863718963217 0.7126747453777871
2 0.8360966268102175 0.779946295035836 0.8107430226438055 0.7875782815929028 0.7955805490472585 0.7372166808458622 0.820933865828124 0.7295847404508078
