1 0.8403906317046221 0.49933281181596095 0.8367703424401043 0.4997021736311079 0.8347234715513423 0.4796412362586222 0.8383437500000355 0.4792718750000019
1 0.8414140625000073 0.4799640625000011 0.8476585950585331 0.47963412808246125 0.8486820310550911 0.49900287863719234 0.8424374985354461 0.49933281257738377
0 0.3572209374902968 0.7008244847071321 0.29484311068790703 0.7019689042604298 0.2915942671313587 0.5248589753522916 0.35397005920822266 0.5237145743012733
0 0.37597945811353384 0.39798351907463814 0.33067822780162714 0.3832475212026731 0.3696041017242351 0.26358740365015904 0.41490478681998866 0.2783233043173466
0 0.37754874412030404 0.29386321604365645 0.32990988379197006 0.29562757707447107 0.3255974250859026 0.1791852901463174 0.373235871470456 0.1774209369666787
0 0.9229405320716069 0.4230577963632469 0.8744068870872752 0.4359699832054201 0.828992779930104 0.2652750436245429 0.8775255410755562 0.25236298307636074
0 0.9078927966730816 0.35271271852400266 0.8760506235068988 0.3505899579387476 0.8844567830331016 0.22450087195205914 0.9162986078102904 0.22662362097747366
0 0.9385392770911949 0.514261426009189 0.9427595767624553 0.6977789873575373 0.8873728079158809 0.6990518998029067 0.8831534648270463 0.5155352659134684
1 0.5103650716132506 0.6292877962649044 0.5220009368281353 0.6304512338856151 0.518903708430912 0.6614236012527932 0.5072678437500144 0.6602601671875027
2 0.7968335662802701 0.7359933856461046 0.8227734198878807 0.7298909413483429 0.8334783706965254 0.7753870600503939 0.8075385284103049 0.7814894715219012
2 0.8540607349393667 0.715705320317637 0.874562210927138 0.7399792876040768 0.8438602443593481 0.7659053049420317 0.8233588854134268 0.7416314477590158
