1 0.21524165286950847 0.4810056704655389 0.23305186640652664 0.4877832080619154 0.2232228360380759 0.5136102791166982 0.20541262997971899 0.5068327557230856
1 0.23447343297959833 0.4809218737183327 0.24408254694390052 0.48364636289058277 0.23402714603628283 0.5191085060465095 0.22441803517540393 0.5163840245220975
1 0.275458429486207 0.5448382281258348 0.26534115807635317 0.5443147668126952 0.26802605767682053 0.4924271045889137 0.2781432459072448 0.49295056374083246
1 0.2901097438718807 0.5413732405105556 0.2772155425823257 0.5408343715556361 0.27897198754089914 0.4988101832461908 0.29186610291981196 0.49934905040224015
2 0.42403700445925097 0.3701257997006709 0.4031070964816763 0.3727328891826276 0.39669732217248566 0.32127626326223097 0.4176271173495252 0.31866918088143237
1 0.7577786118323502 0.5388442706122479 0.732128937063635 0.5454029694493518 0.7185257260711069 0.49220762435915855 0.7441751913895587 0.48564895351903664
1 0.40146350991335567 0.6800323929415555 0.3901062830971114 0.6792623140967375 0.39280130057841234 0.6395219544019715 0.4041584372749867 0.6402920301918131
1 0.3441549468481071 0.6236927364229894 0.3566294859496111 0.6240315318028812 0.3554432485127563 0.6677036688234173 0.3429687094686642 0.6673648748982716
1 0.3278773213731938 0.6194223872379304 0.3433350803002213 0.6203354433476133 0.33953595728951314 0.6846453242188961 0.3240781988752133 0.6837322739337476
1 0.22727893529690846 0.589456776789061 0.2384729520674682 0.5906735332584175 0.23267370328323977 0.6440198753327258 0.2214796875000502 0.6428031250000056
1 0.21821107232358372 0.6503030522856516 0.19635145074300908 0.6491144309669254 0.19981683976072873 0.5853938798191393 0.22167620237269148 0.5865824941349801
1 0.3322640748458525 0.5455890626522235 0.32365897121701437 0.5454829621365745 0.3241760557274347 0.5035521651710287 0.3327811019202045 0.5036582653334439
2 0.3518567481645505 0.8053481523729809 0.3480532065831312 0.8601118727530606 0.31016697349900824 0.8574808726753974 0.3139707578636717 0.8027174152589728
0 0.1675285618905491 0.5715364171138143 0.229832034254855 0.5838368107674088 0.19673660245803148 0.7514494198711745 0.13443319225518735 0.7391492363588753
2 0.17911966877761643 0.7915492040535312 0.17002310325187864 0.7451154558983532 0.22758534235504158 0.7338406480540159 0.2366821444948073 0.7802740834087101
2 0.27972386723206455 0.8127281658509965 0.2488866209786238 0.8344242489616368 0.22126622401890472 0.7951740665791314 0.25210321515123724 0.7734781102649692
2 0.6015126381712435 0.8143454205363815 0.6349895780019779 0.829792995854961 0.6100265931503372 0.8838792040349871 0.5765497266172588 0.8684317476700926
0 0.7148262748711431 0.5942132135160243 0.774989779203338 0.5847912918520932 0.8047507089423789 0.7748040030323243 0.7445872480946036 0.7842257360813777
