1 0.4507630387543031 0.5022930489712019 0.4429991122010506 0.5020670621523328 0.44436115332700865 0.4552775342734493 0.45212502656249853 0.4555035203124987
1 0.6716488593692702 0.5023719627705369 0.6651880860601977 0.5114231801467165 0.6253713856128797 0.48300400911415575 0.6318321484375247 0.4739528250000136
1 0.2619589370445965 0.40219750386230263 0.3118355671001609 0.3996095393291483 0.3158367334179957 0.47671786001816274 0.2659601046448188 0.4793058112445451
1 0.37796468535418626 0.49437103421755635 0.37796478502457376 0.4385707014899891 0.4118471611043333 0.4385707935328389 0.4118471959118324 0.49437099139612556
1 0.3367030431211333 0.5730949067627443 0.2855674109807751 0.5756375630410232 0.2825886013049512 0.515729681587345 0.3337237243953268 0.5131870380073612
1 0.3459529271633528 0.5269614085434643 0.378714519136679 0.5319524602420584 0.36955759634997776 0.592053484216925 0.3367960100624714 0.5870624583680216
1 0.5486575124135697 0.5618887357341238 0.5939922549795256 0.5631768409871993 0.5921064016367836 0.6295422871530704 0.5467716593850582 0.6282541896559944
1 0.4322640950017558 0.5976189355696085 0.4050041298397673 0.591519388633845 0.41528358744324123 0.54558377130466 0.44254333757351105 0.5516832932932376
1 0.6470361172135881 0.5955920173162443 0.6116830335922714 0.6272337648862714 0.5726461865065176 0.5836225707251824 0.607999059050826 0.5519809875221946
1 0.4537839041807956 0.5322324431853085 0.42309658797341854 0.5329648857388477 0.4210673161064733 0.44794205728924635 0.4517542478407677 0.44720961928621134
