1 0.2982061426606606 0.7135569062052887 0.26709867214026417 0.7128218405307404 0.268413950747572 0.6571751831845096 0.29952105864128953 0.6579102445629641
1 0.3121644558277694 0.6998718458859501 0.29939872363513587 0.699337320610751 0.3008971852788136 0.6635568226157813 0.3136628225400955 0.6640913458992538
1 0.312595951649314 0.6778507063463456 0.3103360611038397 0.661573352237653 0.3410948200544226 0.6573034711525444 0.3433547534293666 0.6735807738289459
2 0.24652445382901078 0.7521026495723223 0.23017136476835276 0.7609123098558667 0.2160017582830278 0.7346140765151746 0.2323547573464566 0.7258044460786945
2 0.2737600835532703 0.7636887846223386 0.2739638192044822 0.7807810454247007 0.24638732356481796 0.7811096077435838 0.24618364401680992 0.7640174022414012
2 0.7620235004234246 0.7502986435912872 0.7825306711721396 0.743229349056968 0.7946010021884149 0.7782377959243755 0.7740938462645772 0.7853070599753682
2 0.7858946071198716 0.7259102857566314 0.799802285975943 0.7192719546644761 0.8113301124587906 0.7434194777636945 0.7974224462377606 0.7500577889677468
1 0.7414190660184659 0.7030513074866167 0.7414191440166178 0.6516605354457343 0.764639715177168 0.6516606165957495 0.7646397606001756 0.7030512646321754
1 0.7750735732677185 0.6441386138848054 0.784230848840366 0.653491552614642 0.7650751404853509 0.6722440223852789 0.7559178903021575 0.6628911088223227
1 0.7408044326027721 0.7038100190565303 0.7276174939745488 0.7067042741837468 0.7173280759723184 0.6598295546966018 0.7305148880327579 0.6569353139452968
1 0.24448127526784447 0.6533977860129261 0.22274189681309053 0.642199038955174 0.24570326153445876 0.5976312503577871 0.2674424685798158 0.6088299440260879
1 0.350066744658875 0.590920592840727 0.3686212790338459 0.6010550496937241 0.3397419624595841 0.6539221495915684 0.32118746835328693 0.6437877503844489
1 0.6534078559751606 0.5882661526411551 0.6648001070807368 0.5949025227229519 0.6474005134019762 0.624767997187116 0.6360082778775222 0.6181316482840402
1 0.3940343407338105 0.6781628440272505 0.38571902313015016 0.677186825977275 0.3892864638721676 0.6467979194743283 0.3976017308118571 0.6477739345258353
2 0.7159178242088728 0.7683528224780211 0.7321153078786438 0.7595674442511691 0.7453004812900872 0.783872366571065 0.7291030177675566 0.7926577160526719
1 0.35307729223347906 0.5904917683635487 0.3552838541198753 0.5889870794956708 0.3613799534811051 0.597925791023274 0.3591733928006988 0.599430478417911
1 0.3601939847126232 0.619425159375 0.3536496548941841 0.619425159375 0.35364966496240413 0.6011912265625 0.3601939725459715 0.6011912265625
1 0.3611325338875986 0.6384586297060293 0.35122409818416145 0.6310208889045228 0.3601584477972892 0.6191201511476924 0.3700668644358984 0.6265578813393495
1 0.5411459622813481 0.5701146673987998 0.547634930642289 0.5818999239177466 0.5233996781176984 0.5952424456634184 0.516910743365429 0.5834572180916543
1 0.5502925117810946 0.5744273558251894 0.567679071571888 0.5762580956692702 0.5663571104562379 0.5888114864020892 0.5489705509743317 0.5869807486059108
2 0.6179350863061472 0.7639577604315384 0.6200630304030028 0.7830015032704277 0.6104451238046522 0.7840759896764655 0.6083172034291238 0.7650322684906244
2 0.3967832087048464 0.7773049563586599 0.4104810655815072 0.7794139948798048 0.406676341328307 0.8041203749321519 0.3929784859000165 0.8020113427585187
1 0.5058278622828993 0.5889266569853159 0.5001564639610478 0.6004195556981963 0.4734037926239125 0.5872192727101488 0.47907519659247555 0.5757264047333343
