2 0.8434360266926433 0.5702927145795417 0.8701476779407358 0.6276689604442116 0.7921273315970438 0.6639867089523023 0.7654162248757075 0.6066109259322026
1 0.3413359183881539 0.429720846515999 0.37611226251499374 0.43216215242590156 0.3710707197708416 0.5039742014245302 0.33629437703393705 0.5015329080121563
1 0.3943401526512389 0.5106451929280643 0.36719403809843243 0.5092953548754487 0.3715133078071631 0.4224414489307975 0.3986590833524133 0.42379127847103837
2 0.3992865861081327 0.38372326603755974 0.3695781305214041 0.384609644882319 0.3674672053393806 0.3138568856580952 0.3971754419746958 0.3129705100384854
2 0.33910663157121235 0.32082592574339197 0.3699887279565246 0.31967418059518427 0.3718984688017599 0.3708788669203227 0.34101637262381246 0.3720306089736649
2 0.5532188300886673 0.6862457161219055 0.5909515011667281 0.6956262218895183 0.5778684758578265 0.7482439108882752 0.5401358244574794 0.7388634607447045
2 0.5455713696334215 0.6803729314608681 0.5117154809696558 0.676700115724892 0.5161247362411814 0.6360624373489571 0.5499803494881235 0.6397352380013844
1 0.6214471460568802 0.4450665066198768 0.6565762328780238 0.4461145824573981 0.6540353884767001 0.531271904263515 0.6189063020111689 0.5302238350609836
1 0.6580348466924306 0.43108341754377244 0.6910606161112582 0.4333355820878865 0.6861603110868373 0.5051890428050859 0.6531345428154509 0.5029368898880738
2 0.6078071510688687 0.32869211812048216 0.6501040685234329 0.30976260646431836 0.6689402998644027 0.3518497136173565 0.6266434102124094 0.370779180087427
2 0.46049573026937196 0.4028199401749605 0.4309223887778444 0.4072316619001878 0.42041724600528596 0.3368141932717956 0.44999035907244433 0.3324024886333754
