1 0.32342286678499477 0.5221660874714018 0.3387060355127005 0.5223885081825842 0.33800192969340515 0.5707653164979523 0.32271876098332086 0.570542896686088
2 0.6001356726633276 0.7124048784556277 0.5989477826653911 0.7393395896652699 0.5764795821688722 0.7383487833534389 0.5776675359375076 0.7114141390624599
2 0.62495626227701 0.7491158276300004 0.6067743214337042 0.7488944359218436 0.6073783958808008 0.6993028188970252 0.6255601359374623 0.699524209375
1 0.5487958125 0.546688378125 0.5682596578125 0.546688378125 0.5682596578125 0.5842687734374999 0.5487958125 0.5842687734374999
1 0.5380661935872695 0.6059025546175627 0.5555658453124579 0.6048316312500012 0.5574097908158819 0.6349595283931158 0.539910139375479 0.6360304487052092
1 0.5547195880249092 0.601995374847939 0.5767359885552423 0.6027996507328516 0.5751472044671573 0.6462862370562709 0.5531308041204284 0.6454819645045479
1 0.4399165222694137 0.5952862535978147 0.4644613236382611 0.5939302199552985 0.4667125840474 0.6346744203824309 0.44216778312647875 0.6360304488517687
2 0.5693443545408172 0.4828802009827623 0.5471033046875391 0.48712699843750007 0.5424699283151995 0.4628628252193323 0.564710901829585 0.4586160352104497
1 0.5005593740547738 0.6353213836665691 0.482019845603304 0.6355979333196168 0.481518607812518 0.6019953749999998 0.5000580186273282 0.6017188262256495
1 0.4730560539903763 0.5346342896558283 0.49210469572790316 0.5360331805766511 0.48871969113827163 0.5821223385331592 0.4696710499999881 0.5807234531249971
