2 0.6641505038192008 0.6715511460631182 0.6913560546875033 0.6553189093750127 0.7159150547142872 0.6964745539094195 0.6887095650754418 0.7127067092261993
2 0.6355162557583753 0.6783660912355851 0.6619400094601815 0.6704831993995477 0.6716435591880554 0.7030052290951053 0.6452198175202284 0.7108880927852382
2 0.7201317495232615 0.6565552903401127 0.7356384088700452 0.6735175074770084 0.7085099202257652 0.6983145004645498 0.6930033274788912 0.6813523477513415
1 0.34852337884672124 0.5700524957398487 0.343306406434408 0.5980692129986132 0.2948600693529215 0.5890488308403184 0.30007713464510744 0.5610322356380338
1 0.7165641373813969 0.5345812384220554 0.7489075718750655 0.5205457749999808 0.7701833138681877 0.5695693882486743 0.7378399166707368 0.583604788696368
2 0.6134376263737522 0.4172372557733717 0.585245536346747 0.4230604437481233 0.5760573504155673 0.3785789760314723 0.6042492903317225 0.3727558040324729
2 0.35895223548129707 0.6928313671743355 0.3757264228210033 0.7007448707166528 0.35943026562495106 0.735282339062499 0.34265609888223025 0.7273688683762288
2 0.7233552567731749 0.4547461823992249 0.7073219820717895 0.4540102481728501 0.7089097013395076 0.41942240648163837 0.724942902816565 0.42015833903373245
1 0.7969259565396669 0.5429654061339296 0.7539890634141102 0.5441854099780747 0.7525283635844744 0.4927755820101817 0.7954649102736084 0.4915555830745226
2 0.6313927336826737 0.6848217717381548 0.6401524433256327 0.6869477856895931 0.6278189919224815 0.7377569428818334 0.6190592865075359 0.7356309410027112
