1 0.29739917595884435 0.4541342178082793 0.31134098440429625 0.4540232955701015 0.3117078585962645 0.5001325656352735 0.2977660501558148 0.5002434875017848
1 0.7456243886814491 0.5351340032328261 0.7698723238646608 0.5281765250939716 0.7802289135740921 0.564267663738137 0.7559809874842358 0.5712251199644652
1 0.6039727946578068 0.46045979148612215 0.6232669511366566 0.4614372751193463 0.6195781840956442 0.5342430640415192 0.6002840280187911 0.5332655858053402
2 0.7123073106780566 0.4188929796874999 0.6993383437500142 0.4188929796874999 0.699338360448678 0.395242353125 0.7123072891488391 0.395242353125
2 0.6904149790265137 0.4344047680332223 0.675884865163539 0.43367673086064246 0.6780466655997088 0.39053495183624326 0.6925767022194123 0.39126298709425456
2 0.8010450667215991 0.6264991462851247 0.8194467791037141 0.6266008098317527 0.8192430104578534 0.6634795488443292 0.8008412980785806 0.6633778856660887
2 0.8154328073078432 0.6165068965389858 0.827626570360394 0.6142682482164975 0.8342540091102819 0.650363099462333 0.8220602481828791 0.6526017398514821
2 0.4646234513878653 0.44050750930830807 0.4525358419597296 0.4417096154809646 0.4496016422466482 0.4122065891164273 0.46168920554794113 0.4110044852518587
1 0.7420565260230205 0.5789020644884735 0.7487259320232624 0.5774754566843165 0.7525465350887544 0.5953349541522306 0.7458771298174725 0.5967615596249275
1 0.7498607315711752 0.6100433650765766 0.745342393162332 0.6113327494867453 0.7372051671669624 0.5828208661867169 0.7417234825961714 0.58153148526309
