2 0.6226308213075527 0.6430981532236947 0.6489641239128332 0.6371347320688011 0.667028661190102 0.7168932338066103 0.6406953750895354 0.7228566042083707
2 0.4808790124477582 0.36647637216784784 0.5013712369850509 0.3653647358183029 0.5026288125000065 0.38854625624999695 0.482136588082426 0.3896578911161965
1 0.3066672088600626 0.48563670679166976 0.29247418487068444 0.48196680523344826 0.3025612321528115 0.4429588072363903 0.31675417931774064 0.44662869836876784
1 0.3887304907402722 0.5066561389591887 0.3761471208825924 0.5110360772548878 0.36386254137835294 0.47574556511633165 0.3764458468749581 0.4713656390625112
1 0.3998669126550567 0.49228365549100644 0.3918211297284415 0.4934546100671284 0.387402652616629 0.4630966910020872 0.3954484000000775 0.46192573906249346
1 0.46642635463160786 0.5191944619256723 0.45332681923537166 0.5188337030168708 0.45500603587208843 0.45786629312836663 0.46810545328480657 0.4582270504193803
1 0.43385378237132954 0.5720656871569875 0.447385254579558 0.5742394272718568 0.43571428345603636 0.6468829071031862 0.42218281476675656 0.6447091818148204
1 0.4703715146825971 0.5705697545953821 0.48052386972869954 0.5710662824234491 0.47655526232426837 0.6522022543203686 0.46640290755146907 0.6517057302476694
1 0.48102916867628664 0.5820098711887943 0.49017698402610677 0.5825137089955972 0.4872629573302447 0.6354157290853135 0.478115142187562 0.6349118937500013
1 0.645471317764077 0.45613824439562123 0.6565147358134027 0.45770719925964354 0.6492264739192706 0.5090036326720743 0.6381830571200453 0.5074346837515364
1 0.6703393878968882 0.6205446225891516 0.6494336308718403 0.62380706633651 0.6377928360893748 0.5492198651344594 0.6586983189680495 0.5459574430699659
1 0.7252235827311324 0.6079295000656779 0.7022899375460838 0.6105866014036573 0.6945867453882784 0.5441053693434168 0.7175201266078375 0.5414482833484217
2 0.6976975809968735 0.7056076808537003 0.6726437965938885 0.7146835330449663 0.6517957489007813 0.6571406463539051 0.6768492411782745 0.6480648527141758
