2 0.23831591194812063 0.6675263886419193 0.21538704264582975 0.6715501774665416 0.20638321860292308 0.6202495678660286 0.22931185624997852 0.616225799999997
2 0.2050482573534964 0.6215333629043865 0.1950345051354816 0.6248693732181891 0.1854465152547391 0.5960921430573815 0.19546021537018987 0.5927561421736266
1 0.25829252518337853 0.616297229351243 0.2310747731162337 0.6074236993495128 0.2548334880132188 0.5345568039784463 0.28205090202743577 0.5434302743974466
2 0.4429562264905371 0.7233584376530421 0.4617536225858885 0.7302405503742311 0.44849061436104876 0.7664602542895714 0.4296932336364989 0.7595781716805972
2 0.3420236696822485 0.6904292334940471 0.3649517787453078 0.6927548403568898 0.36197125250350837 0.7221353570872974 0.339043144559696 0.7198097576131611
1 0.4092215029486397 0.6202988710414679 0.4020767472136413 0.6191339590145104 0.40517125220014805 0.6001566760041125 0.41231598281251536 0.6013215859374994
1 0.3844108224644742 0.5953980386697277 0.39119670070761003 0.5957386058453745 0.39021141863997855 0.6153683970476841 0.38342554044265853 0.6150278304897391
2 0.2873450779771929 0.38449229409282765 0.3098064149237416 0.38216728852969617 0.3127610125523006 0.4107096283489747 0.2902996762680914 0.4130346298797115
2 0.4012270186076421 0.40821474550552034 0.41931356804582265 0.4099849193902491 0.4161150692132196 0.44266345168354615 0.39802852032175906 0.4408932815526544
2 0.6360555431347166 0.4482175825759828 0.6289139373338912 0.4552431977377414 0.6110789755591668 0.4371148555527408 0.6182205689550528 0.4300892523506103
2 0.5180328187734631 0.45560903396699276 0.49611228579908584 0.4702280075462634 0.4664403817079119 0.4257387579155223 0.48836080158969253 0.4111198356902817
2 0.41706946142608103 0.3842080332520481 0.4302600703514372 0.3829106200903927 0.4338428199714599 0.41933417056538386 0.4206522114849349 0.4206315808310281
2 0.6181298288463495 0.7469381678145899 0.630829991931023 0.741929388687454 0.6361268260768611 0.7553576492336668 0.6234266675074878 0.7603664200836464
2 0.39408310270312086 0.7443361454914248 0.3776521924920644 0.7430574371053532 0.3815213968135822 0.6933488572174944 0.3979521283545182 0.6946275586171564
2 0.38134336998246 0.4009481781042963 0.39803620937982487 0.4091915636563929 0.3853595678968986 0.4348603738479641 0.3686667382447695 0.4266170032729262
