1 0.7596781876872001 0.5574981851707891 0.7316434170733146 0.5443546591138667 0.757447797952068 0.489319593583972 0.7854823375000706 0.5024630562499993
2 0.7720701759792519 0.6387180832881197 0.7408308648267621 0.6492535374483205 0.7237677821590296 0.5986642883809153 0.7550068031249566 0.5881288875000159
1 0.4099450792348307 0.5667124265899711 0.4219660939249934 0.5685055908461554 0.4160676226780424 0.6080436640945053 0.40404660937497283 0.6062505062499964
1 0.7018563293926263 0.44740005378253145 0.7367887844778807 0.43759105119768055 0.75524344642713 0.5033086457671171 0.7203110105156156 0.5131175998485665
1 0.4444941023124329 0.5676254909776577 0.4716660684149474 0.5780480138781748 0.4503774777581384 0.6335422441290242 0.42320554180662384 0.6231197778821409
2 0.6632221396444038 0.3992361197272472 0.6615064117255542 0.36749707317333824 0.692550525927345 0.3658189851117459 0.6942663080133116 0.3975579741762566
2 0.29956769184013865 0.6318198264661011 0.27239864754506016 0.6429360057185125 0.24923201325759692 0.5863206462994269 0.276400781250004 0.5752045312499819
2 0.3239854570724674 0.6754917330779648 0.30445165897208426 0.6829509906421838 0.29066612794542834 0.646855075303785 0.31019978906249435 0.6393958468749906
2 0.7862299388337988 0.5485601813583079 0.8130193588913244 0.555410722382281 0.7929038541617501 0.6340653044937451 0.7661144526563248 0.6272148136612905
1 0.4079208474205416 0.4576136019938677 0.42047298333397976 0.45654362917127483 0.42527556738991734 0.5128801064766579 0.4127234320516209 0.5139500748342664
1 0.621275888064929 0.618208513179412 0.6166366695694023 0.6186970045585175 0.6113790498819753 0.5687704282199684 0.6160182265625735 0.5682819390624971
1 0.5345250609375398 0.5506607921874979 0.5201878263073922 0.5455912201585805 0.5418853692464154 0.4842338567307934 0.5562224698985574 0.48930340281528506
1 0.6282860597331137 0.5389133656687711 0.6111486742530587 0.5377243194013305 0.6155301465330467 0.47458188442556487 0.6326673671874232 0.4757709249999985
