2 0.38566552602412685 0.48922544891962017 0.39829441510755714 0.4896086149945642 0.39722079286502776 0.5249917418950241 0.38459190382741326 0.5246085768663037
1 0.6834403631737587 0.6145532749030165 0.7097817612233257 0.6246358637768078 0.6918804642634768 0.6713982524376404 0.6655390923349387 0.6613157130679679
1 0.7087728565144289 0.6637919364728888 0.695397979260747 0.6640136126621303 0.6945641397588815 0.6137060833832144 0.7079388861786811 0.6134844082779675
1 0.45882803326912835 0.6686316840043454 0.4500703896471805 0.6687273867451586 0.449666732330229 0.6317907925613708 0.45842431241283066 0.63169509016583
1 0.466657894201262 0.6671038730719883 0.46164025824850796 0.6673335606480341 0.4598893760412466 0.6290891814943185 0.46490697422734684 0.6288594947825151
1 0.408704177900745 0.6617687193759804 0.4018400002794351 0.6611071205244871 0.4045329051906492 0.6331716890098525 0.41139704512397657 0.6338332860337926
2 0.6322928755453177 0.5240039690785764 0.6151530485160492 0.5261418615401234 0.6111616508575253 0.4941444364939935 0.6283013935717463 0.4920065493364721
1 0.6065486390625 0.5929492390625 0.6155252078125 0.5929492390625 0.6155252078125 0.629319540625 0.6065486390625 0.629319540625
2 0.6130349902415446 0.5347833056993663 0.59382995155363 0.5364419201060456 0.5895308419749199 0.4866658097425905 0.6087357330417262 0.4850072017222895
2 0.3854110205974166 0.7292604316874008 0.4024153148163805 0.7348727969142802 0.3916563132667079 0.7674647787238027 0.37465202929399766 0.761852435485061
2 0.429893752906537 0.7351201930568702 0.44873044447854227 0.7389487616695655 0.44091276263804957 0.7774053826276874 0.4220760761533029 0.7735768313203695
