2 0.3487397426026746 0.7170144109375002 0.3277312278746649 0.7170144109375002 0.3277313222496332 0.6759415718749999 0.3487396531301101 0.6759415718749999
2 0.6316530371901763 0.6113985341486242 0.6202577880521858 0.613229108653332 0.6153558466344293 0.582717856842967 0.6267510328125354 0.580887287499999
2 0.7023813634851876 0.6430828020609273 0.6986238412521288 0.6918517526275288 0.6346008954857325 0.686919216269251 0.6383587073418084 0.6381505800604459
1 0.333039157872804 0.5466705989647064 0.36117661347373087 0.5469070600564623 0.359923011422552 0.6960617209063255 0.3317855558620977 0.6958252631405848
1 0.26540527283100346 0.5416998042985207 0.28334120616477776 0.5440263300687618 0.2764070179102873 0.5974790091448284 0.25847108663276686 0.5951524942827211
1 0.6188834744322094 0.5311387229737596 0.5898401913178759 0.527528303614219 0.5972713875905811 0.4677552363844653 0.6263144062500032 0.4713656390624972
1 0.6500512819081905 0.5151036230489086 0.6220440842505468 0.515521419034241 0.6212719881986004 0.4637610192839812 0.6492789714783385 0.4633432248892686
1 0.38643546087303093 0.6090308535524551 0.35806498141914744 0.6055174660535405 0.3660811977964613 0.540794546389095 0.3944513604445774 0.5443079141929476
1 0.3115141795188947 0.5803964743611164 0.33743684370256233 0.5814451026973445 0.33480329533745135 0.6465405501641698 0.30888063156305634 0.6454919282263009
1 0.31470632499997464 0.4405286343750019 0.3576464657306815 0.438927247403046 0.3608529194341372 0.5249002885851173 0.31791277918375727 0.5265016653413959
1 0.26964090254887196 0.5110132412139999 0.26964111941731517 0.4392699397002604 0.3101997947970858 0.43927011452794923 0.31019978841914053 0.5110132049363381
