1 0.2713276715315942 0.5173614902758832 0.2612067642820648 0.516737836619504 0.26382591762160246 0.47423682508205334 0.27394676027017795 0.4748604767486915
2 0.2661394217276438 0.42050916596869564 0.2320703351008433 0.42230958525677115 0.22785195598214614 0.3424859142722049 0.26192073084848744 0.34068550316597784
1 0.3127446386212114 0.5267201635206676 0.3035465035637799 0.5246276069505685 0.31209237408893387 0.4870661299487642 0.32129045628801123 0.4891586802552546
2 0.38698988489568364 0.3707247899257699 0.36979548249405525 0.36884047762881694 0.3750394108484443 0.3209917125915606 0.39223372719050076 0.3228760201428172
1 0.39131561671297277 0.5202249981974315 0.40570267855059683 0.5233544479957817 0.39880255495518213 0.5550737045978427 0.3844154957464525 0.5519442631353221
1 0.6292589991418254 0.5783899699364337 0.6219227049128904 0.5790822806757827 0.6184415656354076 0.542196623587774 0.6257778135684475 0.5415043150541003
1 0.6813108900798852 0.4694200678935404 0.7060270168641409 0.4731699904900116 0.6906418052448089 0.5745674159319131 0.6659256853529314 0.5708175239458683
1 0.7520309647463819 0.5298403025938017 0.7424652936173288 0.531228680570472 0.7382503474859732 0.5021906655720677 0.7478159752585043 0.50080229078769
0 0.3915338789428233 0.2766266136438282 0.43628601173679726 0.2673679382071696 0.47808333255034086 0.4693889589254398 0.43333123141974283 0.47864752354623635
0 0.5670590302310075 0.453425397218157 0.5254834036639977 0.41779617234276567 0.6467141323405485 0.2763389666148069 0.6882892327803347 0.31196781513945837
