1 0.2623390625386997 0.4983640619047619 0.2618859374613003 0.516779686904762 0.26460937523219813 0.511254686904762 0.27232812507739934 0.5011265619047619 0.2732359374613003 0.4863953130952381 0.2668796873065015 0.474425 0.26460937523219813 0.4836328119047619 0.2623390625386997 0.4983640619047619
2 0.26460937523219813 0.391559375 0.2632468749226006 0.365778125 0.255075 0.3418390630952381 0.24009218761609905 0.3418390630952381 0.2328281250773994 0.351046875 0.23010468730650155 0.3851140619047619 0.23555156222910217 0.3722234369047619 0.23963906253869968 0.371303125 0.24281718761609908 0.3722234369047619 0.24417812507739936 0.38419375 0.24599531269349845 0.394321875 0.25235156222910216 0.406290625 0.25643750030959755 0.421021875 0.26006874984520123 0.41365625 0.26460937523219813 0.391559375
1 0.3104656247678019 0.49928593809523814 0.30637968730650156 0.5121749999999999 0.30547187492260064 0.525065625 0.3127359374613003 0.5204624999999999 0.3150062501547988 0.516779686904762 0.3177296873065016 0.504809375 0.31727656222910217 0.495603125 0.3131890625386997 0.487315625 0.3104656247678019 0.49928593809523814
2 0.3854234377708978 0.32212968809523806 0.3804624996904025 0.32338750000000005 0.3748812501547988 0.33344843809523805 0.3720890625386997 0.3479125 0.3714703126934985 0.3680375 0.37800937523219813 0.34098593690476187 0.38170000000000004 0.3344234369047619 0.3862265622291022 0.33505312499999995 0.38680781238390094 0.35109999999999997 0.3854234377708978 0.37055312500000004 0.388525 0.3567171880952381 0.38976562476780185 0.345396875 0.388525 0.33282031190476186 0.3854234377708978 0.32212968809523806
1 0.39751874984520125 0.522740625 0.39131562476780185 0.5202249999999999 0.3894562501547988 0.5290296880952381 0.38666406253869967 0.5416078130952381 0.38604374984520123 0.5522984369047619 0.39069531269349844 0.5522984369047619 0.39317656222910213 0.55166875 0.3965874996904025 0.549153125 0.39999843777089783 0.546009375 0.40309999999999996 0.5353187500000001 0.39751874984520125 0.522740625
1 0.6214640625386997 0.5735812499999999 0.6225921876160991 0.5787265630952381 0.6256921876160991 0.5787265630952381 0.629075 0.576440625 0.6273843752321981 0.5615765619047619 0.6265390625386997 0.5495703130952381 0.6251281250773993 0.5415656249999999 0.6209 0.5449968749999999 0.6200546873065016 0.5592890630952381 0.6214640625386997 0.5735812499999999
1 0.7006812501547988 0.4941140630952381 0.6970156247678018 0.47925 0.6933515622291021 0.471246875 0.6877125003095975 0.4729609380952381 0.6815109374613002 0.4832515619047619 0.6775640625386997 0.4941140630952381 0.6755906247678019 0.5106937500000001 0.6730531250773993 0.52384375 0.6727718749226006 0.5381359369047619 0.6753093752321983 0.5547156249999999 0.6778468749226005 0.5701515619047619 0.680382812383901 0.5730109369047619 0.6837656247678019 0.5707234369047619 0.6882765622291022 0.563290625 0.6905328123839009 0.555859375 0.6925046873065016 0.543853125 0.6939156247678019 0.5364203130952381 0.698425 0.523271875 0.7001171876160991 0.510121875 0.7006812501547988 0.4941140630952381
1 0.7491687498452013 0.510121875 0.7474781250773993 0.501546875 0.7426859374613004 0.501546875 0.7401484377708979 0.5152671880952381 0.7438125003095976 0.5267015619047619 0.7500156247678018 0.5301328130952381 0.7505796873065016 0.5198421880952381 0.7491687498452013 0.510121875
0 0.46875 0.424278125 0.46274062476780187 0.3990390630952381 0.45793281238390093 0.3822109369047619 0.44831718761609907 0.359375 0.4290859374613003 0.3293265630952381 0.4254812501547987 0.3125 0.41947187492260063 0.287259375 0.4098562501547987 0.2728359369047619 0.3942312501547987 0.2896640630952381 0.421875 0.36298125 0.4290859374613003 0.4050484369047619 0.4302890625386997 0.4639421869047619 0.43629843777089783 0.46875 0.44831718761609907 0.4735578130952381 0.45793281238390093 0.4735578130952381 0.4603359374613003 0.466346875 0.46754843777089783 0.4459140630952381 0.46875 0.424278125
0 0.6322109374613003 0.377403125 0.6466343752321981 0.356971875 0.6550484377708978 0.337740625 0.65625 0.318509375 0.6538468749226005 0.2824515630952381 0.6490390625386998 0.2920671869047619 0.6322109374613003 0.306490625 0.6189906247678019 0.3197109369047619 0.6033656247678019 0.3293265630952381 0.5889421876160991 0.34375 0.5721156247678019 0.3641828130952381 0.5576921876160991 0.396634375 0.5540859374613003 0.4423078130952381 0.5709140625386997 0.4387015630952381 0.5865390625386997 0.4266828130952381 0.6033656247678019 0.4074515630952381 0.6177890625386997 0.39423125 0.6322109374613003 0.377403125
