1 0.4003182191943324 0.5292070595861437 0.38401397749169064 0.5255008808285327 0.3999231092138871 0.45551905030048273 0.4162271831636417 0.45922520932733046
2 0.4439355430197338 0.3815074384332693 0.4185590978364644 0.3806964709029551 0.42006578942437045 0.3335534153763618 0.4454421046467587 0.3343643808317776
1 0.5115640225177458 0.4799903507969695 0.5221684090364533 0.47956636545551573 0.5242871933838842 0.5325557041110344 0.5136828069729518 0.5329796877209834
1 0.5401422569817669 0.5298593644837398 0.5292602114088822 0.5315063933740369 0.5206363505676563 0.4745320868306156 0.5315183008683562 0.47288506532201524
1 0.6223432896216536 0.5170321897044616 0.5939174104152016 0.5179022070728015 0.5914970681342311 0.43882229994094846 0.6199226226623296 0.4379522875187465
2 0.6310464356890861 0.38355276261493454 0.5849622296855159 0.37242103971216706 0.5972658084639306 0.3214880135866133 0.643349764597815 0.3326197048572898
1 0.6409828125 0.45860312499999994 0.6473546875 0.45860312499999994 0.6473546875 0.482046875 0.6409828125 0.482046875
1 0.6748796287786263 0.5359671682189291 0.7045422148144098 0.5457068292566645 0.6839725374926502 0.6083465433462918 0.6543099771433845 0.598606938299481
1 0.5752995219052082 0.5824615548014995 0.5910024187060117 0.5758969352246153 0.6046935086272924 0.6086432145779396 0.5889906238869571 0.6152078129653187
1 0.583637516170711 0.6114562531253067 0.5724941041866032 0.6093025709762551 0.5790741073133177 0.5752606850364423 0.5902174517650565 0.5774143605000693
1 0.3907560204698939 0.6253010233036838 0.37146382437936154 0.6214899730607931 0.3848403028201801 0.5537837596462384 0.4041322685693558 0.5575947865938927
1 0.38103211445286433 0.6295515547713578 0.344148660850351 0.6304041934197371 0.34200250758635775 0.5375604045684518 0.37888535132663037 0.5367077729809058
2 0.3215298170184724 0.6460609923073765 0.3699252200793808 0.6615317912083651 0.3457208726791805 0.7372363234104709 0.2973255274902158 0.7217656540937033
2 0.680446408371381 0.6645605010856032 0.7178992035831016 0.6449725600068446 0.7405986584051334 0.68836880024232 0.7031459309013144 0.7079566422462392
