2 0.43091093746130027 0.3339 0.42446562476780186 0.3339 0.4200546873065016 0.34326093809523806 0.41937656222910213 0.35511875000000004 0.41971562476780183 0.369471875 0.4237874996904025 0.38008125000000004 0.4237874996904025 0.36884843690476193 0.42548281238390095 0.3557421880952381 0.4295531250773994 0.35075 0.43362500000000004 0.35387031190476187 0.43701718761609903 0.369471875 0.4383734377708979 0.3813296869047619 0.44414062476780186 0.3750890630952381 0.44481874984520126 0.35387031190476187 0.4393906247678019 0.3407640619047619 0.43091093746130027 0.3339
1 0.5133437498452013 0.5017765630952381 0.5136828123839009 0.5329796880952381 0.5204671876160991 0.5292359380952381 0.5231812501547988 0.504896875 0.5197890625386997 0.487421875 0.5130031250773994 0.4799328119047619 0.5119859374613003 0.49054218690476187 0.5133437498452013 0.5017765630952381
1 0.5336968749226005 0.4930390630952381 0.5326796873065015 0.4805578130952381 0.5303046873065015 0.47306875 0.5275906247678018 0.48555000000000004 0.5241984377708978 0.49803125 0.5258937498452012 0.5092656249999999 0.5279296873065016 0.5161296869047619 0.5319999999999999 0.5223703130952381 0.5370890625386997 0.5286109369047619 0.540142187616099 0.529859375 0.5381062501547987 0.5167546869047619 0.5350531250773994 0.50676875 0.5336968749226005 0.4930390630952381
1 0.6212171876160991 0.4949109380952381 0.6185031250773995 0.48180625 0.6185031250773995 0.469325 0.6205390625386996 0.45809062500000003 0.6195218749226006 0.44935312499999996 0.6181640625386997 0.4424890619047619 0.6144328123839009 0.43812031190476186 0.6086656247678018 0.44311249999999996 0.6029 0.44436093809523813 0.5974718749226006 0.44311249999999996 0.5930609374613003 0.45122656309523806 0.5930609374613003 0.46433125000000003 0.5930609374613003 0.48991874999999996 0.5961140625386997 0.5111375 0.6022203126934985 0.5117609380952381 0.6110406247678019 0.517378125 0.6198609374613003 0.513009375 0.6218953126934985 0.5024000000000001 0.6212171876160991 0.4949109380952381
2 0.6185031250773995 0.3619828119047619 0.6239312501547988 0.353246875 0.6310546873065016 0.3676 0.6317343752321982 0.3807046880952381 0.6358046873065015 0.3638546869047619 0.6351265622291021 0.353246875 0.6300374996904025 0.3451328130952381 0.6215562501547988 0.3370203119047619 0.6144328123839009 0.33265156190476186 0.6073093752321981 0.3239140619047619 0.5954359374613003 0.33327500000000004 0.5917046873065015 0.344509375 0.5950968749226007 0.365103125 0.5974718749226006 0.3750890630952381 0.600525 0.3626078119047619 0.6025593752321982 0.353246875 0.6059515622291022 0.35075 0.6086656247678018 0.35075 0.612057812383901 0.36011093690476187 0.6140937498452013 0.37945781309523813 0.6174859374613003 0.369471875 0.6185031250773995 0.3619828119047619
1 0.6417484377708979 0.482046875 0.6445515622291021 0.4782953119047619 0.6468453126934984 0.4759515619047619 0.6473546873065016 0.4661046880952381 0.645825 0.46094687500000003 0.6409828123839009 0.458603125 0.6409828123839009 0.47079375 0.6417484377708979 0.482046875
1 0.6827812501547987 0.599734375 0.6878781250773994 0.596453125 0.690682812383901 0.5861375 0.6883890625386998 0.5650375 0.6832906247678019 0.5476890630952381 0.6787031250773993 0.5378421880952381 0.6748796873065016 0.5359671880952381 0.6759000000000001 0.544407811904762 0.6776843752321982 0.554721875 0.6751359374613003 0.5650375 0.6700375003095975 0.5720703119047619 0.6636656247678019 0.575821875 0.6600984377708978 0.5809796880952381 0.6618828123839009 0.5908265630952381 0.6662156247678018 0.599265625 0.6748796873065016 0.6053609369047619 0.6827812501547987 0.599734375
1 0.5989296873065015 0.596453125 0.5933234377708978 0.5941078119047619 0.5887359374613003 0.5908265630952381 0.5866968749226006 0.577696875 0.5854218749226006 0.58566875 0.5854218749226006 0.5936390619047619 0.5844031250773994 0.601140625 0.5864421876160991 0.6091125 0.5889906247678018 0.615207813095238 0.5930687498452012 0.61239375 0.5971453126934985 0.6062984369047619 0.6009687498452012 0.599734375 0.5989296873065015 0.596453125
1 0.5872062501547988 0.5814484380952382 0.5844031250773994 0.576290625 0.5810890625386997 0.580042186904762 0.5787953126934984 0.584260938095238 0.5762468749226006 0.5898875 0.5757374996904024 0.5950453130952381 0.5765015622291022 0.601140625 0.5815984377708978 0.6058296869047619 0.5836375003095975 0.61145625 0.5849124996904025 0.599734375 0.5877156247678019 0.590357813095238 0.5872062501547988 0.5814484380952382
1 0.38979062476780185 0.6013 0.39216562476780187 0.6013 0.3952187498452012 0.598803125 0.39759374984520124 0.590690625 0.39895 0.583825 0.40030625015479876 0.5769609369047619 0.3948796873065015 0.565728125 0.39080781238390094 0.5582390630952381 0.38843437523219815 0.55449375 0.3836843752321981 0.5644796869047619 0.37927500000000003 0.581953125 0.37656093746130026 0.5975546880952382 0.3735078123839009 0.62189375 0.3779171876160991 0.620021875 0.38130937523219816 0.6131578130952381 0.3826671876160991 0.603171875 0.38504218761609904 0.5981796869047619 0.38979062476780185 0.6013
1 0.37147187492260064 0.624390625 0.3782578123839009 0.616278125 0.38029218761609906 0.5975546880952382 0.3796140625386997 0.5788328119047619 0.3796140625386997 0.5682234380952381 0.3785968749226006 0.5532453130952381 0.3738468749226006 0.544509375 0.3653656247678018 0.5370203119047618 0.36570625015479874 0.55075 0.3643484377708978 0.5644796869047619 0.35993906253869973 0.5700953130952381 0.35518906253869975 0.5644796869047619 0.35044062476780186 0.5632312500000001 0.3456906247678018 0.5757125 0.3433171876160991 0.5944343750000001 0.34908281238390093 0.611284375 0.36129531269349846 0.630007813095238 0.37147187492260064 0.624390625
2 0.3326203126934985 0.733048438095238 0.3430703126934984 0.725546875 0.3512265622291022 0.71710625 0.3553046873065015 0.707260936904762 0.3578531250773994 0.6964765630952381 0.3530109374613003 0.703040625 0.3466390625386997 0.6992890619047619 0.3463843752321981 0.6885046869047619 0.3476578123839009 0.6772531249999999 0.34918749969040247 0.6688125 0.3489328123839009 0.659903125 0.3468937498452012 0.658028125 0.34281562476780186 0.6730328119047619 0.3384828123839009 0.688035936904762 0.33465937523219813 0.692725 0.33058281238390097 0.6917875 0.3247203126934985 0.6875671880952381 0.3237 0.6735015630952381 0.32446562476780183 0.662248438095238 0.32446562476780183 0.653339063095238 0.32522968730650154 0.64724375 0.3198781250773994 0.656153125 0.31605468730650155 0.6631859380952381 0.31325156222910217 0.6744390630952382 0.30840937523219814 0.6870984369047619 0.3081531250773994 0.694601561904762 0.30891874984520123 0.703509375 0.31044687492260065 0.713825 0.31554531269349845 0.720857811904762 0.32497499999999996 0.7292984369047619 0.3326203126934985 0.733048438095238
