1 0.28174687492260064 0.4385203130952381 0.27950937523219815 0.4495046869047619 0.281375 0.4666671869047619 0.2851062501547988 0.4701 0.28734531269349844 0.4749046880952381 0.29256874984520126 0.47765 0.29667343777089783 0.4728453119047619 0.30227031269349847 0.4707859380952381 0.3071218749226006 0.45705625 0.3171968749226006 0.450190625 0.31831718761609906 0.4412671880952381 0.31831718761609906 0.424790625 0.31197343777089787 0.41518125 0.30264374984520126 0.412434375 0.2944343752321981 0.4199859369047619 0.29145 0.42822343690476194 0.28547968730650153 0.429596875 0.28174687492260064 0.4385203130952381
1 0.35787031269349845 0.43989375 0.3530187498452012 0.4344015619047619 0.3481687498452013 0.433715625 0.3455562501547988 0.42341874999999995 0.34219843777089787 0.421359375 0.341825 0.4447 0.3436906247678018 0.4515640619047619 0.3444374996904025 0.47353125 0.3649609374613003 0.48176874999999997 0.36421406253869965 0.4598015630952381 0.35787031269349845 0.43989375
1 0.31794374984520124 0.42547812500000004 0.31831718761609906 0.437834375 0.31868906253869966 0.4495046869047619 0.321675 0.4618609380952381 0.3287640625386997 0.47421875 0.3392125003095975 0.480396875 0.3392125003095975 0.4749046880952381 0.3332421876160991 0.4707859380952381 0.32988437523219816 0.4625484369047619 0.33100312507739943 0.450190625 0.3343624996904025 0.44881875 0.3324968749226006 0.42410468809523805 0.3302578123839009 0.41518125 0.3261531250773994 0.4131203119047619 0.32242031269349847 0.4179265619047619 0.31794374984520124 0.42547812500000004
1 0.6144328123839009 0.43812031190476186 0.6086656247678018 0.44311249999999996 0.6029 0.44436093809523813 0.5974718749226006 0.44311249999999996 0.5930609374613003 0.45122656309523806 0.5930609374613003 0.46433125000000003 0.5930609374613003 0.48991874999999996 0.5961140625386997 0.5111375 0.6022203126934985 0.5117609380952381 0.6110406247678019 0.517378125 0.6198609374613003 0.513009375 0.6218953126934985 0.5024000000000001 0.6212171876160991 0.4949109380952381 0.6185031250773995 0.48180625 0.6185031250773995 0.469325 0.6205390625386996 0.45809062500000003 0.6195218749226006 0.44935312499999996 0.6181640625386997 0.4424890619047619 0.6144328123839009 0.43812031190476186
1 0.6409828123839009 0.47079375 0.6417484377708979 0.482046875 0.6445515622291021 0.4782953119047619 0.6468453126934984 0.4759515619047619 0.6473546873065016 0.4661046880952381 0.645825 0.46094687500000003 0.6409828123839009 0.458603125 0.6409828123839009 0.47079375
1 0.6748796873065016 0.5359671880952381 0.6759000000000001 0.544407811904762 0.6776843752321982 0.554721875 0.6751359374613003 0.5650375 0.6700375003095975 0.5720703119047619 0.6636656247678019 0.575821875 0.6600984377708978 0.5809796880952381 0.6618828123839009 0.5908265630952381 0.6662156247678018 0.599265625 0.6748796873065016 0.6053609369047619 0.6827812501547987 0.599734375 0.6878781250773994 0.596453125 0.690682812383901 0.5861375 0.6883890625386998 0.5650375 0.6832906247678019 0.5476890630952381 0.6787031250773993 0.5378421880952381 0.6748796873065016 0.5359671880952381
1 0.5844031250773994 0.601140625 0.5864421876160991 0.6091125 0.5889906247678018 0.615207813095238 0.5930687498452012 0.61239375 0.5971453126934985 0.6062984369047619 0.6009687498452012 0.599734375 0.5989296873065015 0.596453125 0.5933234377708978 0.5941078119047619 0.5887359374613003 0.5908265630952381 0.5866968749226006 0.577696875 0.5854218749226006 0.58566875 0.5854218749226006 0.5936390619047619 0.5844031250773994 0.601140625
1 0.5765015622291022 0.601140625 0.5815984377708978 0.6058296869047619 0.5836375003095975 0.61145625 0.5849124996904025 0.599734375 0.5877156247678019 0.590357813095238 0.5872062501547988 0.5814484380952382 0.5844031250773994 0.576290625 0.5810890625386997 0.580042186904762 0.5787953126934984 0.584260938095238 0.5762468749226006 0.5898875 0.5757374996904024 0.5950453130952381 0.5765015622291022 0.601140625
1 0.3948796873065015 0.565728125 0.39080781238390094 0.5582390630952381 0.38843437523219815 0.55449375 0.3836843752321981 0.5644796869047619 0.37927500000000003 0.581953125 0.37656093746130026 0.5975546880952382 0.3735078123839009 0.62189375 0.3779171876160991 0.620021875 0.38130937523219816 0.6131578130952381 0.3826671876160991 0.603171875 0.38504218761609904 0.5981796869047619 0.38979062476780185 0.6013 0.39216562476780187 0.6013 0.3952187498452012 0.598803125 0.39759374984520124 0.590690625 0.39895 0.583825 0.40030625015479876 0.5769609369047619 0.3948796873065015 0.565728125
1 0.3738468749226006 0.544509375 0.3653656247678018 0.5370203119047618 0.36570625015479874 0.55075 0.3643484377708978 0.5644796869047619 0.35993906253869973 0.5700953130952381 0.35518906253869975 0.5644796869047619 0.35044062476780186 0.5632312500000001 0.3456906247678018 0.5757125 0.3433171876160991 0.5944343750000001 0.34908281238390093 0.611284375 0.36129531269349846 0.630007813095238 0.37147187492260064 0.624390625 0.3782578123839009 0.616278125 0.38029218761609906 0.5975546880952382 0.3796140625386997 0.5788328119047619 0.3796140625386997 0.5682234380952381 0.3785968749226006 0.5532453130952381 0.3738468749226006 0.544509375
