1 0.2929671876160991 0.5588 0.2929671876160991 0.5486125 0.29097968730650153 0.5282390619047619 0.2884968749226006 0.5129578130952381 0.27806718761609905 0.5170328130952381 0.2681328123839009 0.5221265630952381 0.26267031269349844 0.5445375 0.2616765622291022 0.5588 0.2681328123839009 0.5781546880952381 0.27657656222910215 0.579173436904762 0.2860125003095975 0.5750984369047619 0.2899859374613003 0.5689859380952381 0.2929671876160991 0.5588
1 0.6028062501547988 0.560478125 0.6055812501547988 0.569965625 0.6068140625386997 0.52505625 0.6034218749226007 0.5301171869047618 0.6006468749226006 0.537075 0.6009546873065016 0.549725 0.6028062501547988 0.560478125
1 0.6129890625386997 0.5695640630952381 0.6138093752321981 0.5594609369047618 0.6166828123839009 0.5560937499999999 0.6154515622291021 0.5502 0.6138093752321981 0.54430625 0.6105265622291022 0.5409390630952381 0.6064218749226006 0.543465625 0.6064218749226006 0.5569359380952381 0.607242187616099 0.568721875 0.6105265622291022 0.574615625 0.6129890625386997 0.5695640630952381
1 0.6455406247678019 0.6507953130952381 0.6461015622291022 0.662295311904762 0.6497453126934984 0.670346875 0.6519890625386997 0.6691968749999999 0.6519890625386997 0.6542453119047619 0.6511468749226006 0.6438953119047619 0.6514281250773994 0.632395313095238 0.6519890625386997 0.6254937500000001 0.6497453126934984 0.61744375 0.6446999999999999 0.61974375 0.6427374996904025 0.62779375 0.6432968749226007 0.6392953130952381 0.6455406247678019 0.6507953130952381
1 0.6138656247678018 0.6473796869047619 0.6138656247678018 0.655220313095238 0.6159031250773994 0.662539061904762 0.6179421876160991 0.6719484380952381 0.6199812501547988 0.6677671869047619 0.6212562501547988 0.656265625 0.6210015622291022 0.645289061904762 0.6207468749226006 0.638492186904762 0.6192171876160991 0.6290828119047619 0.6169234377708979 0.6306515630952381 0.6146296873065016 0.6343109369047619 0.6133546873065016 0.640584375 0.6138656247678018 0.6473796869047619
1 0.6217656247678018 0.640060936904762 0.6238046873065015 0.64685625 0.6250796873065015 0.653653125 0.6268625003095974 0.658357811904762 0.6276281250773994 0.653653125 0.627882812383901 0.646334375 0.627882812383901 0.6395375 0.6273734377708978 0.6327421880952381 0.6258437498452013 0.6280375 0.6238046873065015 0.625423438095238 0.6217656247678018 0.62385625 0.6212562501547988 0.6322203119047619 0.6217656247678018 0.640060936904762
1 0.38932656222910217 0.6306515630952381 0.3895812501547988 0.6390156250000001 0.39085625015479875 0.648425 0.39136562476780185 0.65574375 0.3934046873065015 0.659925 0.3959531250773994 0.655220313095238 0.3967187498452012 0.6510390630952381 0.39875781238390096 0.643720313095238 0.39824687492260064 0.637446875 0.3964625003095975 0.628560938095238 0.39391406253869965 0.6275156249999999 0.39136562476780185 0.626992186904762 0.38932656222910217 0.6306515630952381
1 0.38499374984520124 0.6212421880952381 0.38244531269349846 0.6296062499999999 0.38193593746130033 0.6358796869047619 0.38270000000000004 0.643720313095238 0.38499374984520124 0.6473796869047619 0.38677812507739934 0.6510390630952381 0.38677812507739934 0.6390156250000001 0.38754218761609904 0.6306515630952381 0.38499374984520124 0.6212421880952381
0 0.24601957399380806 0.4796381607142857 0.2516200198142415 0.471637525 0.2576204972136223 0.4372347880952381 0.26242087863777086 0.3868307773809524 0.2564204012383901 0.332826480952381 0.2504199238390093 0.31602514404761906 0.23401861919504643 0.3140249845238095 0.22521791888544893 0.3360267357142857 0.22521791888544893 0.3728296630952381 0.21881740990712073 0.39883173214285716 0.21281693250773992 0.42443376904761904 0.2132169640866873 0.44163513809523813 0.22041753684210524 0.45803644285714284 0.22641801424148608 0.46963736547619045 0.22961826873065017 0.47363768333333334 0.2388190012383901 0.47683793809523806 0.2448194786377709 0.4780380345238095 0.24601957399380806 0.4796381607142857
2 0.24945185263157893 0.7765770297619048 0.24977623777089783 0.7859841869047619 0.24977623777089783 0.7947425738095237 0.25593954736842106 0.8038253464285715 0.2669686278637771 0.8044741154761904 0.2838366334365325 0.7892280345238095 0.28999994365325077 0.7785233380952381 0.2919462520123839 0.774955105952381 0.29681202291021674 0.7665211035714287 0.3010290241486068 0.7512750214285714 0.3036241015479876 0.7412190952380953 0.3039484866873065 0.7340826309523809 0.2997314854489164 0.7353801702380952 0.28740486563467493 0.7577627154761905 0.27734893931888543 0.7700893357142857 0.2708612445820433 0.7759282607142857 0.2630760111455108 0.7827403392857143 0.258210240247678 0.777874569047619 0.25723708606811146 0.7665211035714287 0.25885900990712074 0.7580871 0.2591833944272446 0.7515994059523808 0.25593954736842106 0.7447873261904762 0.2539932390092879 0.7428410178571428 0.2513981609907121 0.7564651773809524 0.24945185263157893 0.7765770297619048
2 0.7044493616099071 0.42794177023809526 0.703327627244582 0.4391591166666667 0.7072536984520125 0.4503764630952381 0.7111797696594426 0.4587894726190476 0.7162275758513932 0.460472075 0.7274449219814241 0.44869386071428574 0.7341753300309598 0.4341113107142857 0.7381014012383901 0.4167244238095238 0.7403448705882353 0.4083114130952381 0.7459535436532508 0.4206504952380952 0.7510013498452012 0.42177222976190476 0.7521230848297213 0.40718967857142857 0.7481970130030959 0.39148539404761906 0.7386622687306502 0.37634197619047616 0.7358579318885449 0.3746593738095238 0.7038884947368421 0.3982158011904762 0.7038884947368421 0.4094331476190476 0.7061319640866872 0.41784615833333333 0.7044493616099071 0.42794177023809526
2 0.7273477808049537 0.7604807595238096 0.7261644600619196 0.7805972119047618 0.7285311015479877 0.797952580952381 0.7320810631578948 0.8117579892857143 0.736419905882353 0.8239856369047619 0.7443087102167183 0.8318744416666667 0.7656084829721361 0.8267467178571429 0.7703417653250775 0.7869082547619047 0.7648196024767802 0.7565363571428572 0.7640307219814241 0.7537752761904762 0.7632418414860681 0.7660029226190476 0.759691879256966 0.7790194500000001 0.7537752761609906 0.7841471738095238 0.7411531888544891 0.7671862440476191 0.7281366613003096 0.7364199059523809 0.7273477808049537 0.7494364333333333 0.7273477808049537 0.7604807595238096
2 0.6338654464396285 0.825957838095238 0.6397820501547987 0.8326633214285715 0.6480652947368422 0.835029963095238 0.6571374198142416 0.8330577619047619 0.668181746130031 0.8283244785714285 0.6760705510835913 0.8224078761904763 0.6792260730650155 0.8168857119047619 0.6792260730650155 0.8030803047619047 0.6748872303405572 0.7920359785714285 0.666998426006192 0.7916415380952381 0.6638429040247678 0.7932192988095238 0.6468819739938081 0.7947970595238095 0.6378098489164087 0.7821749726190476 0.6314988049535604 0.7869082547619047 0.6243988811145511 0.8066302666666667 0.6338654464396285 0.825957838095238
