1 0.29296725524204703 0.5791734375000002 0.2616765009718165 0.5791734375000002 0.26167670094343976 0.5129578125000002 0.29296710846699625 0.5129578125000002
1 0.6055812668327007 0.5699656254620363 0.5997483653146674 0.56980552009169 0.6009812044951559 0.5248961452257043 0.6068140625000069 0.5250562500000013
1 0.606421875 0.5409390625 0.6166828125 0.5409390625 0.6166828125 0.5746156250000001 0.606421875 0.5746156250000001
1 0.6519891015109351 0.6703468749999999 0.6427374600824578 0.6703468749999999 0.6427375097089225 0.61744375 0.651989055498575 0.61744375
1 0.6129607955875827 0.6293011940016032 0.6204343246055259 0.6290403279115695 0.62192738021281 0.6718093335694539 0.6144538512515965 0.6720701985553338
1 0.6207172945732964 0.6239243475722606 0.626842638834205 0.623526456720327 0.6290960714982248 0.6582127243782724 0.6229707273674876 0.6586106138809161
1 0.4000336544849006 0.6593851746961666 0.3912981636432278 0.6600965432891925 0.38862022508999416 0.6272157579273578 0.3973556599866015 0.6265043916169243
1 0.3867781351660824 0.6510390628809458 0.38137538835599116 0.6508366091119462 0.3824880328826339 0.6211482920512341 0.38789074865837847 0.6213507452386079
0 0.2720803378871324 0.31866637339055875 0.25235498525159983 0.4804107815333427 0.20666959496202253 0.4748393165705301 0.22639533610686158 0.3130953741084899
2 0.2540315876198065 0.7292528237585076 0.30431132334751965 0.7341177382765237 0.29717928801278504 0.8078155444280007 0.24689955837618527 0.8029506721028825
2 0.7146671322053635 0.4621105759224884 0.6771046262347227 0.42633878000617337 0.731351457701976 0.3693796779057744 0.7689137622395492 0.4051512932877916
2 0.7202862841650131 0.7374902136705566 0.7628123819723669 0.7316922724962467 0.7758864566283137 0.8275692280840331 0.7333603728174012 0.8333671022314972
2 0.685112832088862 0.7947551169701411 0.6726597461098436 0.8415709304677916 0.6189071356834575 0.8272752465658572 0.631360424669765 0.7804597565404666
