1 0.6718640625386997 0.676126561904762 0.6710390625386997 0.685334375 0.6743406247678019 0.7004 0.6784687498452012 0.7163046880952381 0.6809453126934985 0.707096875 0.6801187498452013 0.693704686904762 0.6768171876160991 0.674453125 0.6718640625386997 0.676126561904762
1 0.62605 0.671104688095238 0.6293515622291022 0.6870078130952381 0.6347171876160991 0.6987265630952381 0.6363687498452013 0.6844968750000001 0.6322406247678019 0.6752890630952381 0.6285265622291022 0.6719421880952381 0.62605 0.671104688095238
1 0.6087140625386998 0.641807813095238 0.6021109374613003 0.652689061904762 0.6025234377708978 0.6719421880952381 0.6066515622291021 0.693704686904762 0.6132546873065016 0.7037484380952381 0.6198593752321981 0.6987265630952381 0.6198593752321981 0.68951875 0.6198593752321981 0.673615625 0.619032812383901 0.649342186904762 0.6169687498452012 0.6351125 0.6087140625386998 0.641807813095238
1 0.5732187498452013 0.6786375000000001 0.5666140625386997 0.66775625 0.562075 0.676964063095238 0.5633124996904024 0.6987265630952381 0.5670281250773993 0.7137937500000001 0.5695031250773994 0.7146296869047619 0.5740437498452012 0.7087703119047619 0.576107812383901 0.697053125 0.5732187498452013 0.6786375000000001
1 0.3664328123839009 0.6803125 0.37097343777089786 0.697053125 0.37840312507739937 0.683659375 0.3837687498452012 0.66859375 0.3833562501547988 0.6577125 0.3779906247678019 0.6610593750000001 0.37427499999999997 0.665245313095238 0.37014843777089784 0.671104688095238 0.3664328123839009 0.6803125
0 0.20695804520123837 0.6368693154761905 0.2072844773993808 0.6437243916666666 0.2020615609907121 0.6525380630952381 0.18541351640866874 0.660698869047619 0.1730090910216718 0.6623310297619047 0.16713331083591332 0.6642896238095238 0.15734034303405572 0.6724504297619047 0.15211742724458205 0.6789790750000001 0.14656807925696594 0.6894249071428572 0.15081169845201237 0.6949742547619048 0.15277029164086686 0.6998707392857143 0.15636104643962848 0.7031350607142858 0.16582758204334366 0.7112958678571428 0.17170336222910215 0.709990138095238 0.17823200743034057 0.7034614928571429 0.18867783900928795 0.6998707392857143 0.19879723900928795 0.7060729511904762 0.20695804520123837 0.7126015964285713 0.2216474959752322 0.7227209964285715 0.23241976037151701 0.730228938095238 0.23992770216718268 0.7351254214285714 0.24841494055727556 0.7347989892857142 0.2552700173374613 0.7259853190476191 0.2533114241486068 0.7041143583333334 0.2624515269349845 0.6394807726190477 0.2572286111455109 0.6270763476190476 0.2461299145510836 0.6225062964285715 0.23796910835913312 0.6218534321428572 0.22980830216718265 0.6192419738095238 0.22425895417956654 0.6130397607142857 0.2164245801857585 0.6016146321428572 0.20793734179566564 0.5921480976190476 0.19912367120743033 0.5859458845238096 0.19063643281733747 0.5852930202380953 0.18867783900928795 0.5865987488095238 0.18541351640866874 0.5918216642857143 0.18606638080495355 0.5993296059523809 0.18933070340557276 0.6094490059523809 0.1935743226006192 0.6159776511904762 0.19912367120743033 0.6283820761904763 0.20695804520123837 0.6368693154761905
1 0.2340519213622291 0.6427450952380953 0.23862197275541794 0.6489473083333333 0.2441713213622291 0.6492737404761905 0.24678277894736841 0.642092230952381 0.24678277894736841 0.6342578571428572 0.24351845696594426 0.6270763476190476 0.23927483715170278 0.6215269988095238 0.22523825077399381 0.6185891095238095 0.22425895417956654 0.6251177535714286 0.22654397956656344 0.6244648892857143 0.23111403095975233 0.63621645 0.2340519213622291 0.6427450952380953
2 0.19324789040247678 0.6274027797619047 0.19226859380804953 0.615324786904762 0.18410778761609906 0.6003089035714285 0.1850870842105263 0.5865987488095238 0.1984708068111455 0.5856194523809524 0.20565231578947368 0.5885573428571429 0.21511885139318884 0.5957388511904762 0.2196889027863777 0.5993296059523809 0.21479241857585138 0.5702771369047619 0.20793734179566564 0.5533026595238095 0.2004294 0.5477533119047618 0.1935743226006192 0.5484061761904762 0.1850870842105263 0.5526497952380952 0.17823200743034057 0.5595048726190476 0.17333552321981424 0.5748471880952382 0.1674597430340557 0.6016146321428572 0.17105049783281734 0.6107547357142857 0.17659984582043345 0.6179362440476192 0.19259502600619197 0.6274027797619047 0.19324789040247678 0.6274027797619047
1 0.5544876464396286 0.7012146369047619 0.5561587962848298 0.7092361571428571 0.556493026625387 0.7152522988095238 0.556493026625387 0.7202657488095239 0.5571614866873065 0.7169234488095237 0.5588326371517028 0.7109073083333334 0.5608380173374613 0.7005461761904762 0.5588326371517028 0.6951984952380952 0.557829946749226 0.6901850452380953 0.5571614866873065 0.6858400547619047 0.5554903362229102 0.6821635238095238 0.5541534160990712 0.6791554535714286 0.5518138061919505 0.6748104630952381 0.5508111157894736 0.6728050821428571 0.5501426557275542 0.6808266035714287 0.5531507263157895 0.6931931154761904 0.5544876464396286 0.7012146369047619
2 0.6681417170278637 0.8355194321428572 0.6770411455108359 0.8375731464285715 0.6869674315789474 0.8358617178571428 0.6903902885448916 0.8386000035714285 0.6948400030959752 0.8386000035714285 0.6996320030959752 0.8372308607142857 0.7013434315789474 0.8358617178571428 0.7037394315789474 0.8310697178571429 0.7054508600619196 0.8249085749999999 0.7013434315789474 0.817720575 0.6972360030959752 0.8119017178571428 0.6934708600619196 0.8040291464285715 0.686625146130031 0.793760575 0.6790948600619194 0.7896531464285714 0.6712222885448916 0.7882840035714285 0.6657457170278638 0.7824651464285713 0.6630074315789474 0.7742502892857143 0.6585577170278638 0.772196575 0.6719068600619195 0.8173782892857143 0.6654034315789473 0.8173782892857143 0.6544502885448916 0.793760575 0.6493160030959751 0.7807537178571429 0.6462354315789474 0.7821228607142857 0.6602691455108359 0.8214857178571429 0.6681417170278637 0.8355194321428572
2 0.7196161009287926 0.7945842464285715 0.7243016105263157 0.802783886904762 0.7340630873065016 0.8082503142857143 0.7410913510835914 0.8105930690476191 0.7492909919504643 0.8117644464285714 0.7598333876160991 0.8086407738095238 0.7703757826625388 0.8012220511904762 0.7727185374613004 0.7969270011904762 0.7746708328173375 0.7895082785714286 0.777794505263158 0.7820895559523809 0.7934128693498451 0.7660807333333334 0.8012220507739938 0.7524146642857144 0.8000506736842106 0.7414818107142858 0.777794505263158 0.7489005333333334 0.7766231281733745 0.7574906333333333 0.7680330284829722 0.7574906333333333 0.7508528284829722 0.7481196142857143 0.7403104328173374 0.750462369047619 0.7379676786377708 0.760614305952381 0.7422627281733747 0.7660807333333334 0.7500719102167183 0.7688139464285715 0.7582715510835913 0.7707662416666666 0.7637379783281734 0.7774040464285714 0.7574906328173374 0.7922414916666667 0.7485100736842105 0.7973174595238095 0.7348440055727554 0.7883369011904762 0.7309394148606811 0.7750612916666666 0.7219588557275541 0.7602238464285714 0.7098546241486069 0.760614305952381 0.7024359015479875 0.7637379785714286 0.702826360371517 0.7652998142857144 0.7043881969040248 0.7785754238095238 0.7196161009287926 0.7945842464285715
0 0.24972222352941179 0.32700346547619047 0.24972222352941179 0.3345009 0.2485687721362229 0.35353284761904763 0.24510841795665636 0.3800622285714286 0.24222478947368423 0.4065916107142857 0.2462618693498452 0.4204330273809524 0.25145240061919505 0.434274444047619 0.26933089659442727 0.4458089571428572 0.29066974736842105 0.4279304607142857 0.29586027863777087 0.3737182464285714 0.2935533758513932 0.35353284761904763 0.2935533758513932 0.3050878892857143 0.2895162959752322 0.2802886845238095 0.28028868482972136 0.2710610738095238 0.2687541708978328 0.26875417142857144 0.2462618693498452 0.2704843476190476 0.2448871015479876 0.27408912023809523 0.24796099876160993 0.279212280952381 0.24539941795665635 0.28689702261904765 0.24898563095975232 0.2997049261904762 0.2508756749226006 0.32123620833333333 0.24972222352941179 0.32700346547619047
0 0.7618487003095975 0.3704072464285714 0.7582574941176471 0.3529642464285714 0.745431758513932 0.2724186261904762 0.7413275232198143 0.2539495666666667 0.7346581405572756 0.24676715476190478 0.7279887578947368 0.25087139047619045 0.7213193752321981 0.26985347857142855 0.7131109046439629 0.348346980952381 0.7187542278637771 0.3996499238095238 0.7228584637770897 0.41760595357142855 0.7336320817337462 0.4268404833333333 0.7526141702786378 0.41452777738095237 0.7623617294117647 0.3709202761904762 0.7618487003095975 0.3704072464285714
