1 0.4947968749226006 0.6041421880952381 0.4964484377708978 0.589075 0.4960359374613003 0.5740078119047619 0.4914953126934985 0.5740078119047619 0.4914953126934985 0.5865640630952381 0.4919078123839009 0.596607813095238 0.4947968749226006 0.6041421880952381
1 0.6710390625386997 0.685334375 0.6743406247678019 0.7004 0.6784687498452012 0.7163046880952381 0.6809453126934985 0.707096875 0.6801187498452013 0.693704686904762 0.6768171876160991 0.674453125 0.6718640625386997 0.676126561904762 0.6710390625386997 0.685334375
1 0.6132546873065016 0.7037484380952381 0.6198593752321981 0.6987265630952381 0.6198593752321981 0.68951875 0.6198593752321981 0.673615625 0.619032812383901 0.649342186904762 0.6169687498452012 0.6351125 0.6087140625386998 0.641807813095238 0.6021109374613003 0.652689061904762 0.6025234377708978 0.6719421880952381 0.6066515622291021 0.693704686904762 0.6132546873065016 0.7037484380952381
1 0.562075 0.676964063095238 0.5633124996904024 0.6987265630952381 0.5670281250773993 0.7137937500000001 0.5695031250773994 0.7146296869047619 0.5740437498452012 0.7087703119047619 0.576107812383901 0.697053125 0.5732187498452013 0.6786375000000001 0.5666140625386997 0.66775625 0.562075 0.676964063095238
1 0.5608359374613003 0.7045859380952381 0.5604234377708979 0.694542188095238 0.5579468749226006 0.6778 0.5538187498452012 0.6727781250000001 0.5451515622291021 0.685334375 0.5488671876160991 0.7104453130952381 0.555057812383901 0.7230000000000001 0.5608359374613003 0.718815625 0.5608359374613003 0.7045859380952381
2 0.6718640625386997 0.836 0.6768171876160991 0.82511875 0.6747531250773994 0.8058671869047619 0.6706265622291021 0.7891265630952381 0.6598953126934984 0.7656890630952381 0.6615453126934985 0.7765703119047619 0.6598953126934984 0.7983343749999999 0.6578312501547987 0.8058671869047619 0.6524656247678019 0.8008453130952381 0.6421468749226007 0.7748968749999999 0.6512265622291021 0.807540625 0.6557671876160991 0.82511875 0.6644343752321982 0.8351640619047619 0.6718640625386997 0.836
1 0.37840312507739937 0.683659375 0.3837687498452012 0.66859375 0.3833562501547988 0.6577125 0.3779906247678019 0.6610593750000001 0.37427499999999997 0.665245313095238 0.37014843777089784 0.671104688095238 0.3664328123839009 0.6803125 0.37097343777089786 0.697053125 0.37840312507739937 0.683659375
1 0.3833562501547988 0.671104688095238 0.3804671876160991 0.68951875 0.3792281250773994 0.7037484380952381 0.38872187492260063 0.6987265630952381 0.39284843777089784 0.693704686904762 0.3949125003095975 0.682823438095238 0.3949125003095975 0.6719421880952381 0.39119843777089786 0.663571875 0.3833562501547988 0.671104688095238
0 0.2566136544891641 0.3315913071428571 0.25027751517027863 0.3416235285714286 0.24710944520123837 0.3521837607142857 0.24182932879256966 0.3669680869047619 0.23813324767801858 0.3880885523809524 0.23918927058823528 0.4102650404761905 0.24552541052631577 0.4245213547619048 0.2566136544891641 0.4377216452380952 0.261365759752322 0.4398336916666667 0.26928593374613 0.4398336916666667 0.28829435294117645 0.4245213547619048 0.2925184458204334 0.3849204821428572 0.2930464575851393 0.2956865154761905 0.28829435294117645 0.2740380392857143 0.2756220736842105 0.27456605 0.25978172445820435 0.2756220738095238 0.23654921238390092 0.2756220738095238 0.22546096842105262 0.2756220738095238 0.2207088637770898 0.2872383297619047 0.23021307306501546 0.3036066904761905 0.23918927058823528 0.3115268642857143 0.2581976897832817 0.3305352833333333 0.2566136544891641 0.3315913071428571
0 0.1964753529411765 0.6259068928571428 0.20325036470588237 0.6415415369047619 0.20116574613003096 0.6451896202380952 0.19491188854489164 0.6472742392857144 0.18657341176470588 0.6504011678571429 0.17719262600619196 0.6519646321428572 0.16468491083591333 0.6582184892857144 0.15843105386996903 0.668120430952381 0.15478297027863777 0.6827127642857143 0.15843105386996903 0.6957416345238094 0.16416375665634675 0.7030378011904761 0.17145992321981424 0.707728194047619 0.17719262600619196 0.7087705035714286 0.1964753529411765 0.7051224202380952 0.20377151950464395 0.705643575 0.215758079876161 0.7108551226190476 0.22201193746130032 0.7171089797619047 0.23347734241486068 0.7285743857142857 0.2418158185758514 0.7332647785714286 0.25067545015479875 0.7306590047619047 0.25536584334365325 0.6894877761904762 0.25901392693498454 0.6410203821428572 0.2511966049535604 0.6206953452380952 0.24598505696594428 0.6170472619047619 0.23764658080495357 0.6165261071428572 0.22618117523219813 0.6154837976190476 0.21784269907120743 0.6118357142857143 0.2121099962848297 0.6050607023809523 0.20741960309597524 0.5977645345238095 0.2016869009287926 0.587862594047619 0.19699650773993807 0.5810875821428572 0.19439073374613003 0.5805664273809523 0.19230611455108357 0.5805664273809523 0.18917918575851392 0.5831722011904762 0.1876157213622291 0.585777975 0.1870945665634675 0.5956799154761905 0.18657341176470588 0.6081876309523809 0.19543304334365325 0.630076130952381 0.1964753529411765 0.6259068928571428
2 0.19987570773993807 0.6427091178571429 0.19987570773993807 0.6384977988095238 0.18950938266253872 0.6086946130952381 0.18562201052631577 0.5947648642857143 0.1859459585139319 0.586342225 0.1921009640866873 0.5792153761904761 0.19631228359133127 0.578567480952381 0.20246728916408668 0.5860182773809524 0.20829834736842107 0.5937930202380952 0.21769282910216717 0.6012438166666667 0.22028441052631578 0.5970324976190476 0.20732650402476782 0.5685251035714286 0.20246728916408668 0.5403416559523809 0.19242491145510837 0.5348402476190476 0.18205858637770897 0.5597815607142858 0.17946700495356036 0.5643168285714286 0.17719937151702786 0.577922630952381 0.17363594736842106 0.595091855952381 0.18043884829721363 0.6313739952380952 0.18335437708978328 0.6394726869047619 0.1885375399380805 0.643684005952381 0.19922781238390094 0.6410924250000001 0.19987570773993807 0.6427091178571429
2 0.713603478637771 0.8132348642857143 0.7242240829721363 0.8203152678571429 0.7363619170278638 0.8248669547619047 0.7474882643962849 0.8258784416666667 0.7626605566563468 0.8198095238095238 0.7732811616099071 0.8086831761904761 0.7783385919504644 0.7960396000000001 0.777327105882353 0.7828902797619047 0.7768213628482972 0.7732811619047619 0.7763156198142415 0.7641777857142857 0.7747983907120743 0.7621548142857143 0.7950281139318885 0.7606375845238095 0.7990740582043343 0.7434423202380952 0.7844075089783282 0.7464767785714286 0.7662007585139319 0.7576031261904762 0.7591203554179566 0.7586146119047619 0.7545686674922601 0.7560858964285715 0.7424308340557275 0.7469825214285715 0.737879146130031 0.7616490702380952 0.7419250910216718 0.7727754178571429 0.7586146123839009 0.7859247380952381 0.7495112371517028 0.7945223702380952 0.7333274582043343 0.7919936547619048 0.7282700278637771 0.7783385916666666 0.7227068538699691 0.7677179880952381 0.7181551665634676 0.7636720428571429 0.7141092216718267 0.7702467023809524 0.7120862495356037 0.7985683154761904 0.713603478637771 0.8132348642857143
0 0.7583065814241486 0.3643224642857143 0.7499239405572755 0.2798512380952381 0.7447653925696593 0.23471394166666665 0.7286449294117647 0.24954476785714286 0.7234863814241486 0.25599295357142854 0.7196174699690402 0.2650204119047619 0.7138141034055727 0.29145797142857144 0.7138141034055727 0.35142609404761904 0.7125244662538699 0.38431183928571433 0.7170381962848298 0.4043012130952381 0.7247760185758514 0.42106649523809525 0.7550824891640867 0.4139734904761905 0.7576617628482972 0.3720602869047619 0.7583065814241486 0.3643224642857143
