1 0.3000296873065016 0.4620078130952381 0.2954968749226006 0.4620078130952381 0.2937968749226006 0.46669374999999996 0.29152968730650153 0.4750265619047619 0.29124531269349846 0.4864828119047619 0.2966296873065015 0.4833578119047619 0.3003140625386997 0.477109375 0.3005968749226006 0.4692984380952381 0.3000296873065016 0.4620078130952381
1 0.34112031269349846 0.492209375 0.34168593746130027 0.5057484369047619 0.34395312507739934 0.503145311904762 0.3484875003095975 0.496896875 0.3493374996904025 0.4906484369047619 0.3467874996904025 0.4817953119047619 0.34027031269349844 0.4791921869047619 0.34112031269349846 0.492209375
1 0.6123109374613003 0.4703390619047619 0.6086265622291022 0.4791921869047619 0.6049437498452013 0.485440625 0.603242187616099 0.49429375 0.6012593752321982 0.5073109369047619 0.6021093752321982 0.511476563095238 0.6100437498452013 0.5047078119047619 0.6148609374613003 0.5088734369047619 0.6213781250773994 0.5099140630952381 0.6233624996904025 0.5099140630952381 0.6239296873065016 0.495334375 0.6242124996904025 0.478671875 0.6210953126934985 0.46304999999999996 0.6165609374613003 0.46513281309523813 0.6123109374613003 0.4703390619047619
1 0.6242124996904025 0.4963765619047619 0.6278968749226006 0.5099140630952381 0.6310140625386997 0.5047078119047619 0.6341312501547988 0.495334375 0.6346968749226006 0.4864828119047619 0.6386640625386998 0.4833578119047619 0.6378140625386998 0.47971250000000004 0.6344140625386998 0.47294375 0.6332812501547987 0.46721562499999997 0.6287468749226006 0.459925 0.6253468749226007 0.46513281309523813 0.6236453126934984 0.477109375 0.6242124996904025 0.4963765619047619
1 0.6678531250773994 0.481275 0.6704031250773994 0.4859609369047619 0.6732359374613004 0.488565625 0.6735203126934984 0.4765890619047619 0.6732359374613004 0.468778125 0.6704031250773994 0.464090625 0.6678531250773994 0.47138125 0.6678531250773994 0.481275
1 0.7333124996904025 0.454196875 0.7358625003095975 0.45003125 0.7389796873065015 0.4411796869047619 0.7429468749226006 0.435971875 0.7488984377708978 0.43336874999999997 0.7474812501547988 0.4281609380952381 0.7426640625386997 0.4208703130952381 0.7358625003095975 0.42035 0.7307624996904024 0.4255578130952381 0.7262281250773994 0.43440937500000004 0.7245281250773994 0.4437828130952381 0.7267953126934984 0.4614875 0.7304781250773994 0.459925 0.7333124996904025 0.454196875
1 0.6709703126934984 0.5802125 0.6718203126934984 0.570839061904762 0.6704031250773994 0.566153125 0.6638859374613002 0.56355 0.6627515622291023 0.5750062499999999 0.6661515622291022 0.5843781250000001 0.6709703126934984 0.5802125
1 0.653117187616099 0.5796921880952381 0.65595 0.585420311904762 0.6599187498452013 0.5849 0.6624687498452012 0.5838578119047619 0.6644515622291022 0.571360936904762 0.6610515622291022 0.563028125 0.6553843752321982 0.56875625 0.653117187616099 0.5796921880952381
1 0.3686078123839009 0.5880234369047619 0.36322343777089783 0.5849 0.3586890625386997 0.5864609369047619 0.35897187492260063 0.5937515619047619 0.35982343777089787 0.6026046869047619 0.3618062501547988 0.6036453130952382 0.3643562501547988 0.6026046869047619 0.3688906247678019 0.5963546869047619 0.3686078123839009 0.5880234369047619
1 0.36095625015479876 0.5750062499999999 0.36237343777089787 0.5682359369047619 0.3572718749226006 0.5640703119047619 0.3535890625386997 0.57188125 0.3487718749226006 0.5765671880952381 0.34792031269349843 0.5828156250000001 0.3470703126934985 0.587503125 0.3320515622291022 0.59010625 0.3309187498452012 0.598959375 0.3309187498452012 0.60989375 0.3363031250773994 0.617184375 0.3425374996904025 0.6229125 0.3470703126934985 0.6291609380952381 0.3513218749226006 0.6307234380952381 0.3555718749226006 0.6161421880952381 0.35755625015479875 0.6067703130952381 0.35585625015479877 0.594271875 0.3592562501547988 0.5822953119047619 0.36095625015479876 0.5750062499999999
1 0.31164843777089785 0.5765671880952381 0.30909843777089785 0.57188125 0.3062640625386997 0.5812546880952381 0.3054140625386997 0.59010625 0.30739843777089787 0.5963546869047619 0.31136562476780183 0.59479375 0.31419843777089784 0.59166875 0.31505 0.5838578119047619 0.31164843777089785 0.5765671880952381
0 0.22154216346749225 0.3814319214285714 0.22086466501547988 0.39904689404761906 0.23305964643962848 0.41530686904761904 0.2398346359133127 0.42750185119047623 0.24999712074303404 0.4288568488095238 0.26219210216718264 0.41869436428571427 0.27167708792569656 0.38617441428571425 0.2764195801857585 0.3509444678571429 0.28048457399380805 0.3035195392857143 0.24999712074303404 0.2872595642857143 0.2466096253869969 0.29200205714285715 0.24118963405572755 0.30080954285714284 0.24118963405572755 0.33874948571428576 0.22154216346749225 0.3814319214285714
0 0.7195919405572755 0.5765774809523809 0.7176549498452013 0.580774294047619 0.7173321182662539 0.5927190678571428 0.7215289306501548 0.6024040202380953 0.7321823783281735 0.6175771119047619 0.7405760030959752 0.6288762226190476 0.7528436092879257 0.6359785202380952 0.7651112148606811 0.6421123238095239 0.7773788210526316 0.643080819047619 0.7909377541795666 0.6421123238095239 0.7967487250773995 0.6308132130952381 0.7970715572755418 0.6172542797619048 0.796425893498452 0.5991757023809524 0.7938432396284829 0.5798057988095239 0.7860952780185758 0.5656012023809524 0.7764103256965944 0.5513966059523809 0.764142720123839 0.5375148404761905 0.752197945510836 0.5304125428571429 0.7441271523219815 0.527184225 0.7428358253869969 0.527184225 0.7337965368421052 0.5355778511904762 0.7321823783281735 0.539129 0.7315367145510836 0.5504281107142858 0.7302453876160991 0.5597902309523809 0.7234659213622291 0.5775459761904762 0.7195919405572755 0.5765774809523809
