1 0.29996325800721024 0.4867984436081327 0.29111505078185473 0.4864780964058973 0.2920115800189933 0.46171751833960906 0.3008597557043231 0.4620378649715494
1 0.3402703125000244 0.4791921874999969 0.34870284747682945 0.4787427108881625 0.3501184696194741 0.505298961933244 0.3416859347146328 0.5057484376484666
1 0.6232697195055152 0.5122996924549409 0.6010988433853299 0.5114372531731947 0.6030086831716517 0.4623464339125759 0.6251793975268356 0.4632088700411208
1 0.6231442956976707 0.4600899169709353 0.6379662609639354 0.4596536190570013 0.6394358265938536 0.5095744043006735 0.6246138614038728 0.5100107006079108
1 0.6678531249999999 0.464090625 0.6735203125 0.464090625 0.6735203125 0.488565625 0.6678531249999999 0.488565625
1 0.7285500931690194 0.46270460446352696 0.7126470927405535 0.4516743793651967 0.7368237159624869 0.416819476677004 0.7527266526886933 0.4278496708616508
1 0.670556356445104 0.5847775193426104 0.6619363544016323 0.5839959208822182 0.6637912237027876 0.5635414120328568 0.6724111950157976 0.5643230090927335
1 0.6620668722308665 0.5863907458176999 0.6523002024866855 0.584841277093819 0.6558911007965662 0.5622094232134168 0.6656577319520238 0.5637588888097415
1 0.35863541499372786 0.5850779561656367 0.3684787434708596 0.5846961618255964 0.3692026762026899 0.6033584269279318 0.3593593477643253 0.6037402206223734
1 0.3545121088932319 0.631122206354578 0.3273228132089798 0.6277236319129192 0.3356187075178241 0.561363719983098 0.36280767303480843 0.5647622733908984
1 0.3071818461660314 0.5716972222503254 0.31613520373548454 0.5725569079426059 0.31379100464789644 0.596968489250768 0.30483764734583474 0.596108805436408
0 0.2448002328402481 0.28599314390313857 0.29321571338277863 0.29779141929959463 0.2603852413575396 0.4325097521834083 0.21196979204262334 0.42071156643479235
0 0.6931880380965367 0.5620394761137654 0.7539379371584118 0.5193899538226977 0.8238704943686344 0.6189919259172499 0.7631209829597765 0.6616409826684482
