1 0.2651484377708978 0.530775 0.26133125015479874 0.526996875 0.25927656222910217 0.5345515619047618 0.2566359374613003 0.54210625 0.2572218749226006 0.5534390630952382 0.26074531269349843 0.552359375 0.2645609374613003 0.5480421869047619 0.2663218749226006 0.54210625 0.2651484377708978 0.530775
1 0.2986124996904025 0.5480421869047619 0.2947968749226006 0.550201563095238 0.29332968730650155 0.555057813095238 0.29332968730650155 0.5658500000000001 0.2962640625386997 0.5707078130952381 0.2994937498452013 0.5744843749999999 0.300375 0.56423125 0.30008125015479875 0.555057813095238 0.2986124996904025 0.5480421869047619
1 0.3021359374613003 0.556676563095238 0.30066718761609906 0.5707078130952381 0.30301562476780186 0.5744843749999999 0.3059515622291022 0.5717859369047619 0.30829999999999996 0.5685484369047619 0.3100609374613003 0.5631515619047619 0.3112359374613003 0.55775625 0.3021359374613003 0.556676563095238
1 0.3491031250773994 0.5825796880952381 0.35027812507739936 0.591753125 0.35350781238390094 0.58959375 0.35820312507739943 0.587975 0.3620203126934985 0.5815 0.3629 0.5744843749999999 0.36084531269349845 0.5631515619047619 0.35614843777089783 0.55451875 0.35409374984520126 0.558835936904762 0.35115937523219815 0.56746875 0.3508656247678018 0.5755640630952381 0.3491031250773994 0.5825796880952381
1 0.6632031250773994 0.557215625 0.6623234377708979 0.5647718749999999 0.6643781250773994 0.5815 0.6711296873065015 0.591753125 0.6793484377708978 0.601465625 0.6814031250773993 0.5971484380952381 0.6775875003095975 0.5809593750000001 0.6772937498452013 0.571246875 0.6767062501547988 0.555596875 0.6767062501547988 0.545345313095238 0.6737718749226006 0.541028125 0.6696609374613003 0.5431859369047619 0.6649656247678019 0.5496609380952381 0.6632031250773994 0.557215625
1 0.7254359374613003 0.6575875 0.7280781250773994 0.6640625 0.7313078123839009 0.664603125 0.7313078123839009 0.6602859380952381 0.7330687498452012 0.6511125 0.7295468749226005 0.6467953130952381 0.7245562501547987 0.6451765630952381 0.7254359374613003 0.6575875
1 0.710465624767802 0.65435 0.7098781250773993 0.664603125 0.7107593752321981 0.672157811904762 0.7122265622291021 0.6786328119047619 0.7186843752321981 0.68780625 0.723675 0.694821875 0.7254359374613003 0.694282813095238 0.725142187616099 0.6797124999999999 0.72485 0.667840625 0.72485 0.6581265630952381 0.7225015622291021 0.6451765630952381 0.7189781250773993 0.6381609369047619 0.7154562501547987 0.6376218750000001 0.7134015622291021 0.6467953130952381 0.710465624767802 0.65435
1 0.6693687498452013 0.677554686904762 0.6676062501547987 0.666760936904762 0.6658453126934984 0.6575875 0.6608546873065015 0.6640625 0.6590937498452013 0.67161875 0.6608546873065015 0.677554686904762 0.6640843752321982 0.685648436904762 0.6676062501547987 0.68780625 0.6699546873065017 0.686728125 0.6693687498452013 0.677554686904762
1 0.6720093752321982 0.6699984369047619 0.6728906247678018 0.677014061904762 0.6752390625386997 0.683490625 0.6758265622291022 0.6786328119047619 0.6758265622291022 0.6737765619047619 0.6749453126934984 0.6683796869047619 0.671717187616099 0.6613656250000001 0.6720093752321982 0.6699984369047619
1 0.3860906247678018 0.677554686904762 0.3799265622291022 0.6786328119047619 0.3746421876160991 0.68456875 0.36877187492260066 0.683490625 0.35937812507739936 0.694282813095238 0.36172656222910216 0.7029171880952381 0.36319374984520125 0.710471875 0.36906562476780186 0.7093921869047619 0.37170781238390094 0.707234375 0.3746421876160991 0.703995313095238 0.3787531250773994 0.705075 0.38227500000000003 0.7093921869047619 0.3866781250773994 0.7029171880952381 0.38873281238390095 0.68780625 0.3860906247678018 0.677554686904762
1 0.36260781238390094 0.680792186904762 0.36378125015479873 0.674315625 0.3646624996904025 0.6651421869047619 0.35967187492260067 0.6683796869047619 0.3555625003095975 0.6748562499999999 0.3529203126934985 0.68456875 0.35409374984520126 0.694821875 0.354975 0.6986 0.35820312507739943 0.690504686904762 0.36260781238390094 0.680792186904762
1 0.31152968730650155 0.6710781250000001 0.31240937523219814 0.6861875000000001 0.31064843777089785 0.699678125 0.3144640625386997 0.6975203130952381 0.3179875003095975 0.696440625 0.3235656247678019 0.688346875 0.3297296873065016 0.6786328119047619 0.33149062476780183 0.67161875 0.33149062476780183 0.661904686904762 0.3250328123839009 0.6500328130952381 0.3212171876160991 0.6451765630952381 0.3144640625386997 0.648953125 0.3135843752321981 0.65920625 0.31152968730650155 0.6710781250000001
1 0.2716062501547988 0.6322249999999999 0.2698453126934985 0.6187343750000001 0.26602812507739937 0.6235906250000001 0.26280000000000003 0.628446875 0.26015781238390095 0.6381609369047619 0.25957031269349845 0.650571875 0.2639734377708978 0.6484140619047619 0.2689640625386997 0.6413984380952381 0.2716062501547988 0.6322249999999999
