1 0.35617656222910216 0.54656875 0.36584531269349846 0.567403125 0.3785359374613003 0.561275 0.3821609374613003 0.539215625 0.38337031269349847 0.523284375 0.3803484377708979 0.507353125 0.3610109374613003 0.5196078119047619 0.35617656222910216 0.54656875
1 0.5302156247678018 0.5808828119047619 0.5332359374613003 0.5808828119047619 0.538675 0.5735296880952381 0.5416968749226007 0.563726563095238 0.538675 0.54411875 0.5320281250773994 0.5379906250000001 0.5265890625386996 0.5563734380952381 0.5302156247678018 0.5808828119047619
1 0.8892937498452012 0.567934375 0.8837125003095976 0.5798828119047619 0.8781296873065015 0.5905750000000001 0.8772000000000001 0.606296875 0.8793703126934984 0.6163578130952381 0.8880531250773994 0.6257921880952381 0.8961156247678019 0.63019375 0.8989062501547987 0.6257921880952381 0.8942546873065016 0.606296875 0.8920843752321981 0.5849140630952381 0.8892937498452012 0.567934375
1 0.9401499999999999 0.5823984380952382 0.9382890625386997 0.5616453119047619 0.9351890625386997 0.5509546880952381 0.9305374996904026 0.5484390619047619 0.9252656247678018 0.5528421880952381 0.9203046873065015 0.5616453119047619 0.913792187616099 0.574853125 0.90635 0.5823984380952382 0.9047984377708979 0.5886875 0.9026281250773994 0.6050390630952381 0.9054187498452013 0.6100703119047619 0.9066593752321982 0.614471875 0.9125515622291022 0.626420311904762 0.9144125003095975 0.63019375 0.9265062501547988 0.63019375 0.9345687498452013 0.6213890630952381 0.9404609374613002 0.609440625 0.9404609374613002 0.593090625 0.9401499999999999 0.5823984380952382
1 0.8914640625386997 0.6739859369047619 0.8852625003095975 0.67913125 0.8835703126934985 0.6985703119047619 0.8858265622291022 0.7168640630952381 0.8934374996904025 0.736301563095238 0.9007671876160991 0.742590625 0.9111984377708979 0.746021875 0.9174000000000001 0.74545 0.9247296873065015 0.7368734369047619 0.9292406247678018 0.723153125 0.9326234377708978 0.7031437500000001 0.9329046873065014 0.6957109369047619 0.9309312501547987 0.683134375 0.9283953126934984 0.671128125 0.9213468749226006 0.6774171880952381 0.9148624996904025 0.6808468750000001 0.909225 0.6751296880952381 0.9013312501547988 0.6877078119047619 0.8979484377708978 0.6848484369047619 0.8914640625386997 0.6739859369047619
1 0.8748312501547987 0.7105750000000001 0.8737046873065015 0.700284375 0.8706031250773995 0.7077171880952381 0.8706031250773995 0.7174359369047619 0.8731406247678019 0.724296875 0.8776515622291022 0.723725 0.8756781250773994 0.7180078119047619 0.8748312501547987 0.7105750000000001
1 0.5263906247678019 0.678559375 0.5261093752321981 0.6939953130952381 0.5297734377708978 0.6985703119047619 0.5337203126934984 0.6922812500000001 0.5348484377708979 0.67913125 0.5323109374613003 0.667696875 0.5283640625386997 0.66826875 0.5263906247678019 0.678559375
2 0.4807218749226006 0.845498436904762 0.47029062476780187 0.866651563095238 0.46775312507739936 0.8878046880952382 0.48015781238390093 0.916960936904762 0.4942531250773994 0.914675 0.5049656247678018 0.8986671880952382 0.5100406247678019 0.8792281249999999 0.5131406247678019 0.8552171880952381 0.5108859374613003 0.8232015630952382 0.508067187616099 0.828346875 0.5055296873065015 0.8460703119047619 0.4965078123839009 0.866079688095238 0.4908703126934984 0.871796875 0.48635937523219813 0.8592187499999999 0.4872046873065015 0.841496875 0.4925609374613003 0.8232015630952382 0.4880515622291021 0.828346875 0.4807218749226006 0.845498436904762
2 0.9231815931888545 0.8422227726190477 0.9125126012383901 0.8434779476190476 0.9187884792569659 0.8535193523809524 0.9288298829721363 0.8541469392857143 0.9344781727554179 0.8579124666666667 0.9376161120743034 0.8591676416666667 0.9388712873065016 0.8654435190476191 0.9489126916408669 0.8572848785714285 0.9495402792569659 0.8541469392857143 0.9495402792569659 0.8472434750000001 0.9495402792569659 0.8453607107142856 0.9495402792569659 0.8428503607142857 0.9482851040247677 0.8415951845238095 0.9470299281733746 0.8415951845238095 0.9438919894736842 0.8409675964285714 0.9351057609907121 0.8422227726190477 0.9275747077399381 0.8428503607142857 0.9231815931888545 0.8422227726190477
0 0.3537547095975232 0.8084925892857143 0.3537547095975232 0.8197826333333332 0.3562636080495356 0.8185281845238095 0.3813525944272446 0.7802674797619047 0.4020510086687306 0.7501606964285714 0.4127138278637771 0.7131544404761905 0.41584995108359135 0.6868110047619047 0.4127138278637771 0.6755209607142857 0.4070688055727554 0.660467569047619 0.4033054575851393 0.6554497726190476 0.3976604359133127 0.6510591988095238 0.38448871764705883 0.6410236047619048 0.37508034798761614 0.6460414023809523 0.3593997312693498 0.674266511904762 0.3361924191950464 0.7884213999999999 0.3430918904024768 0.8078653654761905 0.3537547095975232 0.8084925892857143
