1 0.3772217609900963 0.5692724382244729 0.35309703559551053 0.5653084000387676 0.3630870133508779 0.5045168116147954 0.38721150021626727 0.5084808297824565
1 0.5240438308148896 0.5391719164124918 0.537763289720715 0.5371420963985625 0.5439997784545767 0.5792902873206323 0.530280321161058 0.5813200999538236
1 0.8995430971615406 0.6296243705712226 0.8815716332625243 0.6326098301227454 0.8713224904209937 0.5709198170667639 0.8892937499999789 0.5679343750000027
1 0.940461048386851 0.63019375 0.9026280282114385 0.63019375 0.9026283427803037 0.5484390625 0.9404608040575795 0.5484390625
1 0.9309864579106488 0.6709273149364438 0.9366463282174209 0.7440526899706673 0.887385410943125 0.7478645495950875 0.8817259581483086 0.6747395661872032
1 0.8776515875285895 0.7237249957863833 0.8718271649451026 0.7247055473569786 0.867880294431643 0.7012649240279986 0.8737046874999805 0.7002843749999963
1 0.5265904423573602 0.6675926597836415 0.5350558651291522 0.6677468817240864 0.5344926825741823 0.6986562867989472 0.526027259815578 0.6985020653544649
2 0.504759280739222 0.9201364394560243 0.46406314999967435 0.9148834733179239 0.4764741155555612 0.8187597049318349 0.5171692148378497 0.8240126036684817
0 0.36688481679937013 0.6374453770779713 0.4256755327762676 0.649395364272002 0.3895573219945163 0.8270598442882269 0.3307666789476116 0.8151100967855383
2 0.7587889869917035 0.8757812300251553 0.7723395230590313 0.8793658663224038 0.7588126196905023 0.9304872604711489 0.7452620935157483 0.9269026502828044
2 0.93654456082254 0.8329692414459707 0.9550490192406187 0.8393732259096112 0.945405835221095 0.867231310571832 0.9269013887296751 0.8608273505555987
