1 0.3772217609900963 0.5692724382244729 0.35309703559551053 0.5653084000387676 0.3630870133508779 0.5045168116147954 0.38721150021626727 0.5084808297824565
1 0.5240438308148896 0.5391719164124918 0.537763289720715 0.5371420963985625 0.5439997784545767 0.5792902873206323 0.530280321161058 0.5813200999538236
1 0.8995430971615406 0.6296243705712226 0.8815716332625243 0.6326098301227454 0.8713224904209937 0.5709198170667639 0.8892937499999789 0.5679343750000027
1 0.940461048386851 0.63019375 0.9026280282114385 0.63019375 0.9026283427803037 0.5484390625 0.9404608040575795 0.5484390625
1 0.9309864579106488 0.6709273149364438 0.9366463282174209 0.7440526899706673 0.887385410943125 0.7478645495950875 0.8817259581483086 0.6747395661872032
1 0.8776515875285895 0.7237249957863833 0.8718271649451026 0.7247055473569786 0.867880294431643 0.7012649240279986 0.8737046874999805 0.7002843749999963
1 0.5265904423573602 0.6675926597836415 0.5350558651291522 0.6677468817240864 0.5344926825741823 0.6986562867989472 0.526027259815578 0.6985020653544649
0 0.35074177446676913 0.6439778345377867 0.4183696358106772 0.6491003047573449 0.4053542536121313 0.8209053151919375 0.3377264025882596 0.8157829432923374
2 0.9508142505558226 0.8436725595642428 0.9439809099181957 0.8607523857638956 0.921981125136881 0.8519525335274984 0.9288144856810732 0.8348727595345208
2 0.5021833268414184 0.9115870655684761 0.46890354810295776 0.9055376403234127 0.48380052002607954 0.8236060708856702 0.5170795811659445 0.8296554291106187
2 0.7610686311713835 0.8575154800421197 0.77590476457965 0.8610247316969322 0.7593369418655129 0.9310519537717854 0.7445008202054169 0.9275427366253018
