1 0.3553671876160991 0.5362328130952381 0.35755625015479875 0.5284546880952381 0.35700937523219817 0.5117890630952381 0.35427187492260065 0.49956718690476193 0.3411328123839009 0.5029 0.3367531250773994 0.520678125 0.33456249969040247 0.5384546880952381 0.3301828123839009 0.5517890630952381 0.3394906247678019 0.5484546880952381 0.3455124996904025 0.5495656250000001 0.35208125015479874 0.5440109369047619 0.3553671876160991 0.5362328130952381
1 0.36193593746130026 0.5429 0.3663156247678019 0.5329 0.36576874984520125 0.5240109380952381 0.3608406247678019 0.51734375 0.35700937523219817 0.529565625 0.35755625015479875 0.5462328119047619 0.36193593746130026 0.5429
1 0.46582187492260063 0.57550625 0.46548125015479874 0.5665375 0.4644624996904025 0.5575687500000001 0.46174218761609903 0.5651578130952382 0.46106249969040247 0.572746875 0.46072343777089786 0.5810265630952381 0.4627624996904025 0.589995311904762 0.46514218761609905 0.59689375 0.46616249969040247 0.587925 0.46582187492260063 0.57550625
1 0.6116531250773993 0.6803734380952381 0.6136921876160991 0.687271875 0.6164125003095975 0.69003125 0.6181125003095975 0.68658125 0.6194718749226006 0.6776125 0.6187921876160991 0.670023436904762 0.6184515622291021 0.6603656250000001 0.6167531250773993 0.655535938095238 0.6130124996904025 0.651396875 0.6085937498452012 0.6520859369047619 0.6075734377708978 0.665195313095238 0.6096140625386997 0.67209375 0.6116531250773993 0.6803734380952381
1 0.6072343752321981 0.707279686904762 0.6096140625386997 0.7059 0.6089343752321982 0.694170311904762 0.6082546873065016 0.683821875 0.6068937498452013 0.6776125 0.604175 0.6831328130952381 0.5997562501547988 0.68658125 0.5966968749226006 0.687271875 0.5980562501547988 0.6962406250000001 0.6000953126934985 0.7031390630952381 0.6072343752321981 0.707279686904762
1 0.3679203126934985 0.6472578130952381 0.3618015622291022 0.6520859369047619 0.3590828123839009 0.6645046880952381 0.3580624996904025 0.676923438095238 0.3567031250773994 0.691410938095238 0.3594234377708978 0.68658125 0.3638421876160991 0.683821875 0.3665609374613003 0.6776125 0.3672406247678019 0.6707140630952381 0.37029999999999996 0.6582953130952381 0.36996093746130027 0.6493265630952381 0.3679203126934985 0.6472578130952381
1 0.27205937523219814 0.6534671880952381 0.2656015622291022 0.6451875 0.26322187492260063 0.6548468749999999 0.26390156222910216 0.663125 0.269 0.6624359369047619 0.27205937523219814 0.6534671880952381
1 0.31251250030959754 0.6603656250000001 0.3152312501547988 0.6693343749999999 0.31829062476780184 0.65760625 0.31863125015479876 0.647946875 0.31863125015479876 0.6375984380952381 0.3172703126934985 0.6313890630952381 0.31455156222910213 0.6417375 0.31285156222910215 0.650017186904762 0.31251250030959754 0.6603656250000001
1 0.2540437498452012 0.6113828130952381 0.24928437523219815 0.61483125 0.24588437523219817 0.62173125 0.24384531269349846 0.63621875 0.24996406253869968 0.642428125 0.2543828123839009 0.6534671880952381 0.2601624996904025 0.65070625 0.26254218761609904 0.6472578130952381 0.2652609374613003 0.634148436904762 0.2676406247678018 0.615521875 0.2683203126934985 0.5989640619047619 0.26594062476780184 0.5906843749999999 0.2615218749226006 0.5955140630952381 0.25778281238390094 0.599653125 0.2540437498452012 0.6113828130952381
0 0.2890625003095975 0.2386359380952381 0.2649140625386997 0.2961640619047619 0.24857968730650154 0.34943124999999997 0.23863593746130032 0.395596875 0.265625 0.4289765630952381 0.2769890625386997 0.4367890630952381 0.2883515622291022 0.4055390630952381 0.28693125015479876 0.3430390619047619 0.29900625015479876 0.2926140619047619 0.2890625003095975 0.2386359380952381
0 0.23153437523219816 0.580965625 0.22301093746130032 0.6001421880952381 0.21377812507739938 0.656960938095238 0.19389218761609905 0.717329688095238 0.19247187492260062 0.7613640630952381 0.21661874984520127 0.75568125 0.24857968730650154 0.6875 0.26420468730650154 0.6370734369047619 0.25994374984520124 0.59375 0.23153437523219816 0.580965625
