1 0.3417690764977124 0.49692695242761376 0.3632562813130562 0.5014644376479185 0.3516700109563544 0.5563265272987142 0.33018281250008386 0.5517890625000083
1 0.35661290984842253 0.5174824554466174 0.3657998646616534 0.517181044249026 0.3667432040379026 0.5459314020290864 0.35755624925934626 0.5462328125243008
1 0.4664075547822222 0.5968590467185886 0.4611616338954718 0.5970029185173688 0.4600833374904596 0.5576888509652472 0.46532922213054917 0.5575449796636549
1 0.620193362121995 0.689807607576009 0.6090683848290155 0.6904656629866073 0.6067789634580549 0.6517655974148058 0.6179038528653109 0.6511075446099442
1 0.609784428256944 0.7071122239287733 0.5980505763825477 0.7078827931735023 0.5961089769049295 0.6783207448565894 0.607842755471097 0.6775501780307055
1 0.36363058967071993 0.692751645120553 0.3539768769097691 0.6908833126799855 0.36261972744830473 0.6462319585733977 0.37227335367276737 0.6481002824359985
1 0.26560156012544667 0.6451874994150764 0.27361298319817706 0.6471609402776524 0.2693494619319381 0.6644669699758614 0.26133804010783024 0.6624935326227376
1 0.31787377200942046 0.6694275478905259 0.3121741552142794 0.6692265846532925 0.31351314074595393 0.6312565875870683 0.31921271473584056 0.6314575500696127
1 0.2505587496930275 0.588519686895968 0.2712727048932493 0.5914347572911719 0.26238342088697664 0.6545931045785208 0.2416694694383068 0.6516780517907131
0 0.273180714978821 0.23521524122375764 0.3227387467064773 0.24588928837274138 0.2814151738714372 0.4377423699430763 0.23185717452497556 0.4270684319970067
0 0.22799400069800413 0.5800860339512302 0.27543591877622475 0.5918727662040395 0.23094592609663778 0.7709226014286685 0.18350408767162207 0.7591360918531863
