1 0.28581562476780187 0.44617031190476186 0.28609999999999997 0.4586671880952381 0.28950000000000004 0.466478125 0.29318437523219815 0.4612703130952381 0.2954515622291022 0.44877343690476196 0.29715156222910216 0.43887968690476187 0.2948843752321981 0.4331515619047619 0.28921718761609905 0.4373171869047619 0.28581562476780187 0.44617031190476186
1 0.24614374984520124 0.4289859369047619 0.24869374984520123 0.42690312500000005 0.2535109374613003 0.4232578130952381 0.25776249969040244 0.41805 0.25747812507739937 0.4076359380952381 0.25294374984520124 0.3993046869047619 0.2506781250773994 0.4102390630952381 0.24614374984520124 0.4289859369047619
2 0.37139531269349846 0.3795171880952381 0.37082968730650157 0.37326875 0.3691281250773994 0.3581671869047619 0.3674281250773994 0.3482734380952381 0.3662953126934984 0.3368171869047619 0.3648781250773994 0.3269234369047619 0.3631781250773994 0.3191125 0.35722656222910215 0.30817812499999997 0.3490093752321981 0.30609531309523813 0.34050781238390093 0.3139046869047619 0.33824062476780187 0.32380000000000003 0.33909062476780183 0.3409828130952381 0.34305781238390093 0.35972968690476187 0.34702500000000003 0.378475 0.34815937523219814 0.3612921869047619 0.3456078123839009 0.3513984380952381 0.343342187616099 0.34202499999999997 0.34390781238390095 0.33525468690476196 0.348725 0.32848593690476185 0.3526921876160991 0.33265156190476186 0.36119374984520125 0.3456703130952381 0.3660109374613003 0.3581671869047619 0.37139531269349846 0.3795171880952381
1 0.3875484377708978 0.4956390630952381 0.3821640625386997 0.477934375 0.3767796873065015 0.469603125 0.3730953126934985 0.4768921880952381 0.3719625003095975 0.485225 0.3702624996904025 0.497721875 0.3677125003095975 0.509178125 0.3699781250773994 0.5112609369047619 0.37649687492260064 0.51178125 0.38102968730650155 0.51021875 0.38443125015479873 0.5055328119047618 0.3875484377708978 0.4956390630952381
1 0.5782609374613004 0.4836625 0.5751437498452012 0.49147343809523814 0.5725921876160991 0.500325 0.5723093752321982 0.5081359369047619 0.5740093752321981 0.51490625 0.5768437498452013 0.5232375 0.5808109374613003 0.530528125 0.5822281250773994 0.5315687499999999 0.5844937498452012 0.5180296869047619 0.5816609374613003 0.5039703119047619 0.5782609374613004 0.4836625
2 0.727717187616099 0.3893015619047619 0.7297781250773994 0.38172812500000003 0.7357031250773993 0.363265625 0.7346734377708978 0.3400703130952381 0.7331265622291021 0.3287078119047619 0.7282328123839009 0.3116671880952381 0.722307812383901 0.30030468690476186 0.7150937498452012 0.29699218690476187 0.7060781250773994 0.300778125 0.6998953126934985 0.31355937500000003 0.6978343752321982 0.33154843809523815 0.6962890625386997 0.34669687499999996 0.6978343752321982 0.360425 0.7032437498452012 0.37746718809523805 0.7065937498452012 0.368 0.7058203126934984 0.356165625 0.7065937498452012 0.34385625 0.7099421876160991 0.3343890619047619 0.7150937498452012 0.330128125 0.7217921876160991 0.34196249999999995 0.7248843752321982 0.3500109369047619 0.7269453126934984 0.3703671869047619 0.727717187616099 0.3893015619047619
1 0.7810437498452012 0.4711984380952381 0.778982812383901 0.4536828130952381 0.7751187498452012 0.447528125 0.7691937498452013 0.4517890630952381 0.766617187616099 0.4565234380952381 0.7632687498452012 0.4664640619047619 0.7591468749226006 0.4754578130952381 0.7563125003095975 0.47593125 0.7537359374613003 0.48019218690476195 0.7470390625386998 0.4830328130952381 0.7462656247678019 0.47687812500000004 0.7416281250773995 0.473565625 0.7369921876160991 0.47687812500000004 0.7364765622291022 0.4811390619047619 0.7393093752321982 0.4910796869047619 0.7421437498452013 0.4986546869047619 0.7524484377708978 0.4977078130952381 0.7594046873065016 0.4996015630952381 0.7650718749226005 0.4977078130952381 0.7704812501547987 0.4967609380952381 0.778982812383901 0.4910796869047619 0.7810437498452012 0.4711984380952381
1 0.6161703126934984 0.5791296869047619 0.6184890625386996 0.5904921880952381 0.6236406247678019 0.6013796869047618 0.6254437498452012 0.60800625 0.6254437498452012 0.589071875 0.6226109374613003 0.574396875 0.6223531250773994 0.563034375 0.6177156247678018 0.5682421880952381 0.6161703126934984 0.5791296869047619
1 0.41729218761609904 0.6151078119047619 0.4147156247678018 0.5990125000000001 0.4095640625386997 0.61179375 0.40595625015479875 0.6255218749999999 0.40209218761609905 0.6425640619047619 0.40080468730650154 0.6586593749999999 0.40389531269349843 0.6562921869047619 0.4121390625386997 0.64871875 0.41755000000000003 0.638303125 0.4167765622291022 0.624575 0.41729218761609904 0.6151078119047619
1 0.40106249969040253 0.62268125 0.4064718749226006 0.612740625 0.40801718761609906 0.5990125000000001 0.40750312507739933 0.5914390630952381 0.40518437523219814 0.5791296869047619 0.4031234377708978 0.565875 0.3997734377708978 0.5549875 0.39822812507739935 0.5672953130952381 0.39848593746130034 0.577709375 0.39281874984520126 0.577709375 0.3879234377708978 0.577709375 0.3868937498452012 0.5923859380952381 0.38560468730650155 0.6042203130952382 0.3853468749226006 0.61179375 0.3905 0.6231546880952381 0.3987437498452012 0.633570311904762 0.40106249969040253 0.62268125
1 0.3613890625386997 0.56066875 0.3595859374613003 0.5512 0.3549484377708978 0.5407859380952381 0.35288750030959753 0.5417328130952381 0.3505703126934985 0.548359375 0.3500546873065015 0.558775 0.34773593746130027 0.56776875 0.3469625003095975 0.5791296869047619 0.34902343777089784 0.579603125 0.35237343777089786 0.577709375 0.35726718761609905 0.570609375 0.3613890625386997 0.56066875
2 0.298825 0.631676563095238 0.29072031269349846 0.643132811904762 0.2832390625386997 0.64656875 0.28074531269349845 0.63855 0.28199218761609907 0.626521875 0.2816812501547987 0.6156375 0.27638125015479875 0.63053125 0.27451093746130034 0.6437046869047619 0.2782515622291022 0.65630625 0.2876031250773994 0.663753125 0.29820156222910216 0.654015625 0.30817656222910217 0.6419859369047619 0.3122281250773994 0.633967188095238 0.313475 0.6156375 0.30724062476780184 0.6179296880952381 0.298825 0.631676563095238
1 0.2897859374613003 0.530290625 0.28510937523219815 0.5394562500000001 0.28105781238390093 0.5480484369047619 0.28355156222910216 0.559503125 0.2900968749226006 0.5543484380952381 0.29227968730650156 0.5446109369047619 0.2944609374613003 0.5371640630952381 0.29664374984520125 0.5308640630952381 0.29695468730650154 0.523990625 0.2897859374613003 0.530290625
2 0.6555015622291022 0.6681125 0.6586187498452012 0.6879000000000001 0.6628687498452012 0.704564063095238 0.6642859374613004 0.7160187499999999 0.6614531250773994 0.723309375 0.6557843752321981 0.7186234369047619 0.6501171876160992 0.704564063095238 0.64615 0.6884203130952381 0.6419 0.6800890630952381 0.643882812383901 0.697273436904762 0.6464343752321982 0.712375 0.6546515622291021 0.731640625 0.6640031250773993 0.7404937500000001 0.6710874996904025 0.731640625 0.6744875003095976 0.7139359369047619 0.6719375003095975 0.6957109369047619 0.6657031250773994 0.6832140630952381 0.6586187498452012 0.673840625 0.6555015622291022 0.6681125
2 0.2659514681114551 0.6762884440476191 0.2642918643962848 0.6833417595238095 0.2634620625386997 0.6920546773809524 0.26387696346749223 0.696203686904762 0.2696855758513932 0.6986930916666667 0.2730047826625387 0.6982781904761904 0.27715379195046436 0.6908099750000001 0.2800580978328174 0.6800225523809523 0.27881339504643965 0.6796076511904762 0.27093027863777086 0.6862460654761905 0.2671961702786378 0.6787778488095239 0.27176008049535605 0.6559583 0.2667812693498452 0.6708947321428571 0.2659514681114551 0.6762884440476191
2 0.29789883591331273 0.6999377940476191 0.3012180433436532 0.7078209107142858 0.3095160606811146 0.7094805142857142 0.3178140786377709 0.7024272 0.3248673938080495 0.6850013630952382 0.3178140786377709 0.688320569047619 0.3153246730650155 0.693714280952381 0.31283526811145507 0.6891503714285714 0.3095160606811146 0.682097055952381 0.3057819529411765 0.6779480476190476 0.29997334055727554 0.6908099750000001 0.29789883591331273 0.6999377940476191
2 0.6756602470588235 0.7042668297619048 0.6851957746130031 0.7178890130952381 0.6926879752321982 0.7192512309523809 0.6947313021671826 0.7158456857142858 0.6906446476780186 0.6960935202380952 0.6899635386996904 0.6974557392857144 0.6756602470588235 0.7042668297619048
