1 0.29232601889498255 0.4669636777956635 0.2825319120363474 0.46528090193957194 0.28824849851730505 0.4320114158833553 0.2980425611690407 0.43369418786082414
1 0.25294373720942076 0.39930468456982166 0.26160260303811356 0.4012883321275429 0.2548026145578888 0.4309695812378853 0.24614374999998745 0.42898593749999225
2 0.37195121474042026 0.37944343064936514 0.3446738972230605 0.3830625717298215 0.33471333428019534 0.30799211130107973 0.3619904403132068 0.3043729843449731
1 0.37437731987256484 0.4692026247953846 0.391480610583244 0.4720539245406291 0.3845391950121666 0.5136884146615193 0.3674359064887085 0.5108371239527768
1 0.5867989334394679 0.5307398545577514 0.5767396527254505 0.532564059484171 0.568201729940597 0.4854866981012545 0.5782609374999765 0.48366249999999533
2 0.7368410361325459 0.38889655135995355 0.6982383810757256 0.39061013789623644 0.6941239930357597 0.2979230474197971 0.7327262826787546 0.2962094688776242
1 0.77494636133315 0.4473068816583167 0.7976941005922527 0.47650123315981185 0.7523871394047319 0.5118010159764657 0.7296395327167602 0.4826067863390644
1 0.6276600690995338 0.6077432020329444 0.619679139912364 0.608690433443398 0.614372258956223 0.5639816026358498 0.6223531250000178 0.5630343749999968
1 0.4121012011282801 0.598419789891964 0.4258844235846482 0.6015445522663241 0.41234149687886656 0.6612748438970726 0.3985582803934449 0.6581500999012848
1 0.38998562965127803 0.5541315109971034 0.41177595918441057 0.5560371757833892 0.4049471688126687 0.6341128261963835 0.3831568410453201 0.632207174950785
1 0.3517445775671604 0.5403181185046321 0.36409748086271065 0.5421218559607418 0.3584236106341905 0.5809757082883875 0.3460707086229604 0.5791719768825332
2 0.3100980333891812 0.665283151249839 0.2732136477959557 0.6627744020383639 0.27659097074945294 0.6131287629530021 0.31347500000003947 0.6156374999999993
1 0.2882915362795302 0.5608243975073667 0.2782745722281561 0.5580321582539526 0.2884272421424612 0.5216135839889295 0.29844414728563606 0.5244058145495863
2 0.6394149663035478 0.6708300875623021 0.6669477848050747 0.6661788326163302 0.6790738523391155 0.7379477960921242 0.6515410429201438 0.7425990146952636
2 0.26984512895887747 0.65557536319436 0.28436674194585976 0.658479280555667 0.2760686950507534 0.6999695322691663 0.2615470857334685 0.6970656276329056
2 0.31360230372911246 0.7128328538484395 0.2942322440201224 0.7049937368542057 0.3054974435888198 0.6771622705039301 0.32486739374996887 0.6850013624999796
2 0.6906446300944253 0.6960934866886856 0.7008495023321757 0.71479949449408 0.6858650789934018 0.7229728029644934 0.6756602468750543 0.7042668296875104
